255 255 255 255 255 255 255 210 118 31 0 0 0 0 0 0 0 0 0 0 0 45 137 224 255 255 255 255 
255 254 252 250 249 255 251 204 115 30 0 0 0 0 0 0 0 0 0 0 0 44 133 218 255 255 255 255 
255 251 236 216 204 207 204 167 94 25 0 0 0 0 0 0 0 0 0 0 0 35 106 176 218 240 251 255 
255 245 209 163 134 132 132 108 61 16 0 0 0 0 0 0 0 0 0 0 0 21 62 110 159 209 245 255 
255 239 181 106 58 50 54 46 26 7 0 0 0 0 0 0 0 0 0 0 0 7 20 47 104 181 239 255 
241 213 147 62 8 0 4 9 16 22 25 25 25 25 25 25 25 25 25 25 25 24 21 32 81 156 215 240 
174 153 105 42 2 0 0 16 48 78 91 91 89 89 89 89 89 89 89 89 89 86 81 82 101 134 160 170 
93 82 56 22 0 0 0 30 90 146 170 171 166 166 166 166 166 166 166 167 166 166 166 160 142 115 94 85 
26 23 18 11 5 0 3 46 127 203 236 237 230 230 230 230 230 230 230 230 230 232 237 228 178 101 41 15 
0 4 20 40 52 48 52 89 162 230 255 255 255 255 255 255 255 255 255 255 255 255 255 252 191 95 20 0 
0 10 47 95 126 128 127 150 196 240 255 255 255 255 255 255 255 255 255 255 255 255 255 252 191 95 20 0 
0 16 75 151 199 207 203 211 230 249 255 255 255 255 255 255 255 255 255 255 255 255 255 252 191 95 20 0 
0 19 92 186 246 255 251 250 252 254 255 255 255 255 255 255 255 255 255 255 255 252 249 231 178 100 41 15 
0 20 95 191 252 255 255 255 255 255 255 255 255 255 255 255 255 255 255 255 255 240 210 176 145 115 95 85 
0 20 95 191 252 255 255 255 255 255 255 255 255 255 255 255 255 255 255 255 255 225 163 110 104 133 160 170 
0 25 99 192 252 255 255 255 255 255 255 255 255 255 255 255 255 255 255 255 252 207 121 54 71 148 214 240 
44 69 128 204 253 255 255 255 255 255 255 255 255 255 255 255 255 255 249 237 213 163 82 27 60 155 235 255 
122 137 175 223 254 255 255 255 255 255 255 255 255 255 255 255 255 255 240 200 151 102 45 18 61 157 235 255 
199 206 222 242 254 255 255 255 255 255 255 255 255 255 255 255 255 255 231 164 90 40 9 9 63 159 235 255 
249 249 251 253 255 255 255 255 255 255 255 255 254 247 238 231 235 235 203 126 45 5 0 24 83 170 237 255 
255 255 255 255 255 255 255 255 255 255 255 255 252 228 194 169 165 164 140 83 28 13 36 79 133 196 242 255 
255 255 255 255 255 255 255 255 255 255 255 255 249 203 141 94 81 81 70 37 13 28 84 147 193 227 248 255 
255 255 255 255 254 252 250 249 249 249 252 255 240 179 94 34 20 27 27 12 8 45 125 203 242 252 253 255 
255 255 255 255 248 229 209 199 198 199 202 207 192 136 60 12 12 36 50 48 53 91 163 231 255 255 255 255 
255 255 255 255 239 194 147 122 119 123 125 128 118 82 34 14 43 91 122 128 130 154 198 240 255 255 255 255 
255 255 255 255 230 161 88 50 46 52 53 54 50 32 10 17 75 151 198 207 203 212 231 249 255 255 255 255 
255 255 255 255 225 140 51 4 0 6 7 7 7 0 0 19 95 188 245 255 250 249 252 254 255 255 255 255 
255 255 255 255 224 137 45 0 0 0 0 0 0 0 0 19 98 193 252 255 255 255 255 255 255 255 255 255 
