255 255 255 255 255 255 255 255 255 255 255 238 152 49 0 0 0 0 0 42 142 233 255 255 255 255 255 255 
255 255 255 255 255 255 253 246 238 238 243 220 140 45 0 0 0 0 0 38 131 215 242 238 238 246 253 255 
255 255 255 255 255 255 247 213 176 160 163 150 96 31 0 0 0 0 0 25 86 140 156 153 167 208 244 255 
255 255 255 255 255 255 239 171 95 61 62 60 38 12 0 0 0 0 0 10 33 53 56 54 86 164 233 255 
255 252 241 228 227 231 205 126 38 0 0 4 14 25 31 32 31 31 31 31 33 34 30 29 60 135 202 231 
255 242 200 154 137 139 126 77 22 0 0 8 48 95 119 121 118 118 118 116 113 109 108 108 111 119 127 130 
255 232 158 74 41 42 41 25 7 0 0 14 85 169 213 216 210 210 210 209 209 208 211 212 185 119 61 36 
219 186 112 29 0 0 4 20 38 43 39 59 130 215 255 255 255 255 255 255 255 255 255 255 226 141 66 34 
123 105 63 16 0 0 12 61 115 139 137 145 185 232 255 255 255 255 255 255 255 255 255 255 238 187 143 124 
32 28 17 4 0 0 21 100 188 228 229 226 237 249 255 255 255 255 255 255 255 255 255 255 251 238 227 222 
0 0 0 0 13 35 76 149 224 255 255 255 255 255 255 255 255 255 255 255 255 255 255 255 255 255 255 255 
0 0 0 1 39 102 160 206 240 255 255 255 255 255 255 255 255 255 255 255 255 255 255 255 255 255 255 255 
0 1 0 10 68 161 231 253 253 255 255 255 255 255 255 255 255 255 255 255 255 255 255 255 255 255 255 255 
0 8 31 69 127 199 250 255 255 255 255 255 255 255 255 255 255 255 255 255 255 255 255 255 255 255 255 255 
0 19 79 152 201 233 253 255 255 255 255 255 255 255 255 255 255 255 255 255 255 255 255 255 255 255 255 255 
10 44 124 214 254 255 255 255 255 255 255 255 255 255 255 255 255 255 255 255 255 255 255 255 255 255 255 255 
99 122 175 234 255 255 255 255 255 255 255 255 255 255 255 255 255 255 255 255 255 255 255 255 255 255 255 255 
197 206 225 247 255 255 255 255 255 255 255 255 255 255 255 255 255 255 255 255 255 255 255 255 255 255 255 255 
220 225 237 250 255 255 255 255 255 255 255 255 255 255 255 255 255 255 255 255 255 255 255 255 251 238 227 222 
142 159 197 240 255 255 255 255 255 255 255 255 255 255 255 255 255 255 255 255 255 255 255 255 238 187 143 124 
39 70 144 226 255 255 255 255 255 255 255 255 255 255 255 255 255 255 255 255 255 255 255 255 226 141 66 34 
0 23 96 179 214 214 210 210 210 210 210 210 208 209 218 237 252 255 255 247 227 213 227 247 225 143 67 34 
0 12 50 94 114 117 117 118 118 118 118 118 114 116 144 200 246 255 255 230 168 126 155 218 237 192 143 124 
1 6 17 29 34 33 31 31 31 31 31 31 24 28 74 165 240 255 255 217 124 60 100 195 249 245 227 222 
65 64 64 59 43 19 2 0 0 0 0 0 0 0 49 152 238 255 255 222 138 81 117 201 254 255 255 255 
161 160 162 154 114 50 5 0 0 0 0 0 0 0 49 152 238 255 255 238 195 165 183 227 254 255 255 255 
235 236 243 234 174 77 7 0 0 0 0 0 0 0 49 152 238 255 255 252 243 237 241 250 255 255 255 255 
255 255 255 254 189 84 8 0 0 0 0 0 0 0 49 152 238 255 255 255 255 255 255 255 255 255 255 255 
