255 255 255 255 255 255 255 255 255 193 62 0 0 0 0 0 0 62 193 255 255 255 255 255 255 255 255 255 
255 255 255 255 255 243 218 208 211 157 50 0 0 0 0 0 0 50 157 211 210 206 205 218 243 255 255 255 
255 255 255 255 255 215 128 85 87 67 21 0 0 0 0 0 0 21 67 90 89 85 84 128 215 255 255 255 
255 255 255 250 234 167 54 0 0 0 0 0 0 0 0 0 0 0 0 0 0 0 0 54 167 234 250 255 
255 255 255 220 142 75 23 0 0 0 0 0 0 0 0 0 0 0 0 0 0 0 0 23 75 144 221 255 
255 253 244 178 62 0 0 5 16 22 22 22 22 22 22 22 22 22 22 22 22 16 5 0 0 65 180 240 
255 226 159 90 28 0 0 32 100 136 134 132 132 132 132 132 132 132 132 134 136 100 32 0 0 31 94 126 
255 199 77 7 0 0 4 67 184 244 242 238 238 238 238 238 238 238 238 242 244 184 67 4 0 4 12 17 
255 195 64 0 0 25 82 150 222 255 255 255 255 255 255 255 255 255 255 255 255 222 150 82 25 0 0 0 
255 195 64 0 0 54 172 239 252 255 255 255 255 255 255 255 255 255 255 255 255 252 239 172 54 0 0 0 
255 195 64 0 0 62 193 255 255 255 255 255 255 255 255 255 255 255 255 255 255 255 255 193 62 0 0 0 
255 195 64 0 0 62 193 255 255 255 255 255 255 255 255 255 255 255 255 255 255 255 255 193 62 0 0 0 
186 137 44 11 50 120 213 255 255 255 255 255 255 255 255 255 255 255 255 255 255 255 255 214 124 56 16 0 
59 41 10 46 148 216 244 255 255 255 255 255 255 255 255 255 255 255 255 255 255 255 255 245 220 150 47 0 
0 0 0 62 193 255 255 255 255 255 255 255 255 255 255 255 255 255 255 255 255 255 255 245 220 150 47 0 
0 0 0 62 193 255 255 255 255 255 255 255 255 255 255 255 255 255 255 255 255 255 255 214 124 56 16 0 
0 0 0 62 193 255 255 255 255 255 255 255 255 255 255 255 255 255 255 255 255 255 255 193 62 0 0 0 
0 0 0 62 193 255 255 255 255 255 255 255 255 255 255 255 255 255 255 255 255 255 255 193 62 0 0 0 
29 18 2 54 172 232 230 234 248 255 255 255 255 255 255 255 255 255 255 255 255 255 255 193 61 1 18 29 
147 107 33 24 83 113 111 147 221 255 255 255 255 255 255 255 255 255 255 255 255 255 255 191 58 30 105 147 
250 190 74 10 10 8 7 67 184 244 242 238 238 242 251 255 255 255 255 255 255 255 248 177 52 56 182 251 
255 226 159 90 28 0 0 30 94 129 132 131 130 162 225 255 255 255 255 255 255 227 165 94 24 61 193 255 
255 253 244 178 62 2 4 13 25 28 24 18 16 78 199 255 255 255 255 255 254 193 76 10 2 70 197 255 
255 255 255 218 140 100 101 102 98 71 22 0 0 62 193 255 255 255 255 232 180 111 33 19 72 144 221 255 
255 255 255 247 229 220 220 224 225 167 53 0 0 62 194 255 255 255 255 202 88 18 0 52 166 234 250 255 
255 255 255 255 255 255 255 255 255 215 128 81 81 128 215 255 255 255 255 192 59 13 59 130 216 255 255 255 
255 255 255 255 255 255 255 255 255 243 218 205 205 218 243 255 255 255 255 190 57 43 152 223 246 255 255 255 
255 255 255 255 255 255 255 255 255 255 255 255 255 255 255 255 255 255 255 190 56 56 190 255 255 255 255 255 
