255 255 255 255 248 187 97 19 0 0 0 0 0 0 33 117 204 255 255 255 255 255 255 255 255 255 255 255 
216 218 227 240 245 199 126 62 38 38 38 38 38 38 73 142 213 248 236 224 221 231 245 255 255 255 255 255 
103 111 146 197 238 226 188 155 143 143 143 143 143 143 161 197 233 233 183 134 123 163 220 255 255 255 255 255 
28 40 93 168 235 251 247 242 241 241 241 241 241 241 243 248 252 223 148 75 55 106 182 235 246 251 254 255 
99 106 143 195 242 255 255 255 255 255 255 255 255 255 255 255 255 233 181 131 105 106 123 149 183 225 255 255 
216 218 227 240 252 255 255 255 255 255 255 255 255 255 255 255 255 250 236 224 196 136 77 62 113 189 244 255 
255 255 255 255 255 255 255 255 255 255 255 255 255 255 255 255 255 255 255 255 240 176 110 80 103 146 179 185 
255 255 255 255 255 255 255 255 255 255 255 255 255 255 255 255 255 255 255 255 251 225 199 173 136 100 76 70 
255 255 255 255 255 255 255 255 255 255 255 255 255 255 255 255 255 255 255 255 255 255 255 233 157 72 11 0 
255 255 255 255 255 255 255 255 255 255 255 255 255 255 255 255 255 255 255 255 255 255 255 238 156 63 0 0 
255 255 255 255 255 255 255 255 255 255 255 255 255 255 255 255 255 255 255 255 255 255 255 234 163 83 26 14 
255 255 255 255 255 255 255 255 255 255 255 255 255 255 255 255 255 255 255 255 255 255 255 242 199 150 115 108 
255 255 255 255 255 255 255 255 255 255 255 255 255 255 255 255 255 255 255 255 255 255 255 252 241 228 219 217 
255 255 255 255 255 255 255 255 255 255 255 255 255 255 255 255 255 255 255 255 255 255 255 255 255 255 255 255 
255 255 255 255 255 255 255 255 255 255 255 255 255 255 255 255 255 255 255 255 255 255 255 255 255 255 255 255 
255 255 255 255 255 255 255 255 255 255 255 255 255 255 255 255 255 255 255 255 255 255 255 255 255 255 255 255 
255 255 255 255 255 255 255 255 255 255 255 255 255 255 255 255 255 255 255 255 255 255 255 255 255 255 255 255 
255 255 255 255 255 255 255 255 255 255 255 255 255 255 255 255 255 255 255 255 255 255 255 255 255 255 255 255 
255 255 255 255 255 255 255 255 255 255 255 255 255 255 255 255 255 255 255 255 255 255 255 255 255 255 255 255 
255 255 255 255 255 255 255 255 255 255 255 255 255 255 255 255 255 255 255 255 255 255 255 255 255 255 255 255 
255 255 255 255 255 255 255 255 255 255 255 255 255 255 255 255 255 255 255 255 255 255 255 255 255 255 255 255 
255 255 255 255 255 255 255 255 255 255 255 255 255 255 255 255 255 255 255 255 255 255 255 255 255 255 255 255 
255 255 255 255 255 255 255 255 255 255 255 255 255 255 255 255 255 255 255 255 255 255 255 255 255 255 255 255 
255 255 255 255 255 255 255 255 255 255 255 255 255 255 255 255 255 255 255 255 255 255 255 255 255 255 255 255 
255 255 255 255 255 255 255 255 255 255 255 255 255 255 255 255 255 255 255 255 255 255 255 254 250 245 242 241 
255 255 255 255 255 255 255 255 255 255 255 255 255 255 255 255 255 255 255 255 255 255 255 245 212 175 148 143 
255 255 255 255 255 255 255 255 255 255 255 255 255 255 255 255 255 255 255 255 255 255 255 236 172 100 49 38 
255 255 255 255 255 255 255 255 255 255 255 255 255 255 255 255 255 255 255 255 255 255 255 232 154 65 3 0 
