255 255 255 255 255 255 255 216 121 32 0 0 3 74 173 245 255 255 255 255 255 255 255 255 255 255 255 255 
255 255 255 255 248 227 206 160 88 21 12 36 63 121 194 247 255 255 255 255 255 244 220 203 209 233 254 255 
255 255 255 255 232 167 98 52 27 4 42 115 178 211 235 253 255 255 255 255 255 219 145 90 109 183 245 255 
255 255 255 255 226 133 37 2 27 54 110 184 246 255 255 255 255 255 255 255 255 207 107 28 40 114 178 193 
255 255 255 255 227 130 37 24 93 169 209 234 254 255 255 255 255 255 255 255 255 208 113 28 11 36 56 62 
255 250 230 208 177 124 83 95 162 236 255 255 255 255 255 255 255 255 255 255 255 210 118 31 0 0 0 0 
255 240 178 106 79 113 168 204 226 251 255 255 255 255 255 255 255 255 255 255 255 210 118 31 0 0 0 0 
255 238 152 52 26 106 211 255 255 255 255 255 255 255 255 255 255 255 255 255 255 210 118 31 0 0 0 0 
255 240 153 52 26 105 209 255 255 255 255 255 255 255 255 255 255 255 255 255 255 210 118 31 0 0 0 0 
193 183 139 90 87 144 219 255 255 255 255 255 255 255 255 255 255 255 255 255 255 210 118 31 0 0 0 0 
62 72 109 159 199 220 244 255 255 255 255 255 255 255 255 255 255 255 255 255 255 210 118 31 0 0 0 0 
0 15 93 194 255 255 255 255 255 255 255 255 255 255 255 255 255 255 255 255 255 210 118 31 0 0 0 0 
0 17 94 193 255 255 255 255 255 255 255 255 255 255 255 255 255 255 255 255 255 210 118 31 0 0 0 0 
0 20 95 191 252 255 255 255 255 255 255 255 255 255 255 255 255 255 255 255 255 210 118 31 0 0 0 0 
0 20 95 191 252 255 255 255 255 255 255 255 255 255 255 255 255 255 255 255 255 210 118 31 0 0 0 0 
0 20 95 191 252 255 255 255 255 255 255 255 255 255 255 255 255 255 255 255 255 210 118 31 0 0 0 0 
0 20 95 191 252 255 255 255 255 255 255 255 255 255 255 255 255 255 255 255 255 210 118 31 0 0 0 0 
0 20 95 191 252 255 255 255 255 255 255 255 255 255 255 255 255 255 255 255 255 210 118 31 0 0 0 0 
0 20 95 191 252 255 255 255 255 255 255 255 255 255 255 255 255 255 255 255 255 210 118 31 0 0 0 0 
0 16 92 190 252 255 255 255 255 255 255 255 255 255 255 255 255 255 255 255 255 210 118 31 0 0 0 0 
0 14 91 189 252 255 255 255 255 255 255 255 255 255 255 255 255 255 255 255 255 210 118 31 0 0 0 0 
62 77 133 206 253 255 255 255 255 255 255 255 255 255 255 255 255 255 255 255 255 209 115 32 14 37 57 62 
193 198 216 239 254 255 255 255 255 255 255 255 255 255 255 255 255 255 255 255 255 208 111 33 44 116 178 193 
255 255 255 255 255 255 255 255 255 255 255 255 255 255 255 255 255 255 255 255 255 210 108 31 57 155 240 255 
255 255 255 255 255 255 255 255 255 255 255 255 255 255 255 255 255 255 255 255 255 211 108 29 55 153 238 255 
255 255 255 255 255 255 255 255 255 255 255 255 255 255 255 255 255 255 247 223 201 166 114 82 108 179 240 255 
255 255 255 255 255 255 255 255 255 255 255 255 255 255 255 255 255 255 231 159 93 82 124 179 209 231 250 255 
255 255 255 255 255 255 255 255 255 255 255 255 255 255 255 255 255 255 222 125 36 38 130 229 255 255 255 255 
