255 255 255 255 255 255 255 255 255 255 255 255 206 66 0 0 0 0 0 0 0 17 142 251 255 255 255 255 
255 255 255 255 255 255 255 255 252 232 218 223 175 56 0 0 12 33 39 38 32 49 136 217 245 255 255 255 
255 255 255 255 255 255 255 255 243 170 113 113 91 29 0 0 47 124 148 143 144 140 115 120 198 255 255 255 
255 255 255 255 255 255 254 255 222 105 15 9 14 14 10 11 89 210 249 241 248 227 115 55 157 244 255 255 
255 255 255 255 255 255 250 204 138 56 0 0 21 80 108 107 156 235 255 255 255 245 166 106 121 166 225 255 
255 255 255 255 255 255 245 144 41 9 0 0 42 161 222 219 230 250 255 255 255 252 239 196 94 74 190 255 
255 255 255 255 254 230 181 86 6 0 9 41 107 208 255 255 255 255 255 255 255 255 255 227 84 42 178 255 
255 255 255 255 252 176 79 28 2 0 25 122 201 240 255 255 255 255 255 255 255 255 255 227 84 42 178 255 
255 255 255 247 217 119 16 12 37 31 67 184 255 255 255 255 255 255 255 255 255 255 255 227 86 35 150 223 
255 255 255 204 122 50 14 73 142 148 162 220 255 255 255 255 255 255 255 255 255 255 255 227 90 17 72 111 
255 255 244 157 39 0 25 132 234 247 243 250 255 255 255 255 255 255 255 255 255 255 255 227 93 1 5 15 
255 227 166 87 18 38 108 188 250 255 255 255 255 255 255 255 255 255 255 255 255 255 255 227 93 0 0 0 
255 194 75 11 7 93 205 244 254 255 255 255 255 255 255 255 255 255 255 255 255 255 255 227 93 0 0 0 
190 131 31 14 65 154 243 255 255 255 255 255 255 255 255 255 255 255 255 255 255 255 255 227 93 0 0 0 
72 47 11 63 166 222 250 255 255 255 255 255 255 255 255 255 255 255 255 255 255 255 255 227 93 0 0 0 
0 0 0 93 227 255 255 255 255 255 255 255 255 255 255 255 255 255 255 255 255 255 255 227 92 5 22 39 
0 0 0 93 227 255 255 255 255 255 255 255 255 255 255 255 255 255 255 255 255 255 255 227 88 24 100 151 
0 0 11 103 229 255 255 255 255 255 255 255 255 255 255 255 255 255 255 255 255 255 255 227 85 39 167 247 
0 28 89 166 239 255 255 255 255 255 255 255 255 255 255 255 255 255 255 255 255 255 255 227 84 42 178 255 
0 61 180 239 251 255 255 255 255 255 255 255 255 255 255 255 255 255 255 255 255 255 255 227 84 42 178 255 
0 73 212 255 255 255 255 255 255 255 255 255 255 255 255 255 255 255 255 255 255 255 255 227 84 42 178 255 
0 73 212 255 255 255 255 255 255 255 255 255 255 255 255 255 255 255 255 255 255 255 255 227 84 42 178 255 
32 100 218 255 255 255 255 255 255 255 255 255 255 255 255 255 255 255 255 255 255 253 242 194 69 42 178 255 
144 178 237 255 255 255 255 255 255 255 255 255 255 255 255 255 255 255 255 255 255 245 177 98 27 42 180 255 
240 245 253 255 255 255 255 255 255 255 255 255 255 255 255 255 255 255 255 255 255 239 121 18 0 55 186 255 
255 255 255 255 255 255 255 255 255 255 255 255 255 255 255 255 255 255 255 255 255 238 109 16 59 137 217 255 
255 255 255 255 255 255 255 255 255 255 255 255 255 255 255 255 255 255 255 255 255 238 105 28 130 225 248 255 
255 255 255 255 255 255 255 255 255 255 255 255 255 255 255 255 255 255 255 255 255 238 104 32 155 255 255 255 
