255 255 255 255 250 186 93 30 50 133 219 255 255 255 255 255 255 219 133 50 30 92 184 247 255 255 255 255 
255 249 221 181 150 129 116 119 142 188 235 255 255 255 255 255 255 235 188 142 132 169 222 255 255 255 255 255 
255 243 179 90 32 60 144 224 253 254 255 255 255 255 255 255 255 255 254 253 249 239 230 227 234 245 253 255 
255 247 179 85 22 53 143 229 255 255 255 255 255 255 255 255 255 255 255 255 236 171 103 79 125 194 245 255 
157 154 137 115 108 135 187 238 255 255 255 255 255 255 255 255 255 255 255 255 237 183 128 109 149 210 253 255 
10 22 77 155 225 247 251 254 255 255 255 255 255 255 255 255 255 255 255 255 254 251 247 245 241 238 236 236 
0 0 64 156 237 255 255 255 255 255 255 255 255 255 255 255 255 255 255 255 255 255 255 245 191 131 88 79 
79 88 129 188 240 255 255 255 255 255 255 255 255 255 255 255 255 255 255 255 255 255 255 232 154 67 5 0 
236 237 241 248 253 255 255 255 255 255 255 255 255 255 255 255 255 255 255 255 255 255 255 233 157 72 13 0 
255 255 255 255 255 255 255 255 255 255 255 255 255 255 255 255 255 255 255 255 255 255 255 233 157 73 13 0 
255 255 255 255 255 255 255 255 255 255 255 255 255 255 255 255 255 255 255 255 255 255 255 236 159 71 9 0 
255 255 255 255 255 255 255 255 255 255 255 255 255 255 255 255 255 255 255 255 255 254 253 231 157 74 15 3 
255 255 255 255 255 255 255 255 255 255 255 255 255 255 255 255 255 255 255 255 240 196 150 124 120 129 136 137 
255 255 255 255 255 255 255 255 255 255 255 255 255 255 255 255 255 255 255 255 226 144 57 28 88 179 244 255 
255 255 255 255 255 255 255 255 255 255 255 255 255 255 255 255 255 255 255 255 226 144 58 28 88 178 244 255 
255 255 255 255 255 255 255 255 255 255 255 255 255 255 255 255 255 255 255 255 227 145 59 30 89 178 242 255 
224 226 233 243 252 255 255 255 255 255 255 255 255 255 255 255 255 255 255 255 227 145 59 30 89 178 242 255 
62 71 117 181 238 255 255 255 255 255 255 255 255 255 255 255 255 255 255 255 227 145 59 30 89 178 242 255 
0 0 61 151 232 255 255 255 255 255 255 255 255 255 255 255 255 255 255 255 227 145 59 30 89 178 242 255 
19 31 86 165 235 255 255 255 255 255 255 255 255 255 255 255 255 255 255 255 227 145 59 30 89 178 242 255 
176 180 198 225 248 255 255 255 255 255 255 255 255 255 255 255 255 255 255 255 233 146 55 23 83 175 242 255 
255 255 255 255 255 255 255 255 255 255 255 255 255 255 255 255 255 243 215 188 161 125 97 97 140 202 246 255 
255 255 255 255 255 255 255 255 255 255 255 255 255 255 255 255 255 224 148 75 55 104 178 231 243 249 254 255 
255 255 255 255 255 255 255 255 255 255 255 255 255 255 255 255 255 240 205 171 164 192 232 255 255 255 255 255 
255 255 255 255 255 255 255 255 255 255 255 255 255 255 255 255 255 255 255 255 255 255 255 255 255 255 255 255 
255 255 255 255 255 255 255 255 255 255 255 255 255 255 255 254 253 253 254 255 255 255 255 255 255 255 255 255 
255 255 255 255 255 255 255 255 255 255 255 255 255 255 231 182 139 133 171 221 253 255 255 255 255 255 255 255 
255 255 255 255 255 255 255 255 255 255 255 255 255 255 211 122 43 33 102 194 251 255 255 255 255 255 255 255 
