255 255 255 255 255 255 255 193 62 0 0 0 0 0 0 0 0 0 0 0 0 0 0 62 193 255 255 255 
255 255 255 255 255 254 245 178 56 0 0 5 15 20 20 20 20 20 20 20 20 17 15 71 183 245 253 255 
255 255 255 255 255 234 187 119 37 0 0 23 72 97 96 95 95 95 95 95 95 94 93 107 137 180 232 255 
255 255 255 255 255 210 112 44 13 0 0 46 145 195 193 191 191 191 191 191 191 193 194 156 86 105 207 255 
255 255 255 251 237 169 54 4 21 28 26 84 199 255 255 252 252 252 252 252 252 255 255 196 81 85 200 255 
255 255 255 229 169 100 29 25 87 118 116 151 222 255 255 255 255 255 255 255 255 255 255 217 140 142 218 255 
255 255 255 205 97 26 3 50 158 214 212 221 244 255 255 255 255 255 255 255 255 255 255 243 218 218 243 255 
255 247 226 157 49 3 26 97 205 255 255 255 255 255 255 255 255 255 255 255 255 255 255 255 255 244 220 208 
255 224 155 84 23 29 100 169 229 255 255 255 255 255 255 255 255 255 255 255 255 255 255 255 255 220 150 113 
255 203 88 15 0 54 169 237 251 255 255 255 255 255 255 255 255 255 255 255 255 255 255 255 255 198 84 24 
255 194 63 6 38 110 209 255 255 255 255 255 255 255 255 255 255 255 255 255 255 255 255 255 255 191 60 0 
255 193 61 30 113 184 234 255 255 255 255 255 255 255 255 255 255 255 255 255 255 255 255 255 255 191 60 0 
252 186 64 59 177 246 254 255 255 255 255 255 255 255 255 255 255 255 255 255 255 255 255 255 255 191 60 0 
179 150 100 119 211 255 255 255 255 255 255 255 255 255 255 255 255 255 255 255 255 255 255 255 255 191 60 0 
76 101 150 197 237 255 255 255 255 255 255 255 255 255 255 255 255 255 255 255 255 255 255 255 255 191 60 0 
3 65 186 253 255 255 255 255 255 255 255 255 255 255 255 255 255 255 255 255 255 255 255 254 246 176 55 0 
0 60 191 255 255 255 255 255 255 255 255 255 255 255 255 255 255 255 255 255 255 255 255 234 184 115 36 0 
0 60 191 255 255 255 255 255 255 255 255 255 255 255 255 255 255 255 255 255 255 255 255 209 110 42 12 0 
0 60 191 255 255 255 255 255 255 255 255 255 255 255 255 255 255 255 255 255 255 255 255 194 63 4 21 32 
0 60 191 255 255 255 255 255 255 255 255 255 255 255 255 255 255 255 255 255 255 255 255 192 59 24 86 121 
0 60 191 255 255 255 255 255 255 255 255 255 255 255 255 255 255 255 255 255 255 255 255 190 57 47 157 216 
39 95 202 255 255 255 255 255 255 255 255 255 255 255 255 255 255 255 255 255 255 255 255 190 56 58 191 255 
134 165 225 255 255 255 255 255 255 255 255 255 255 255 255 255 255 255 255 255 255 255 255 190 56 58 191 255 
223 231 247 255 255 255 255 255 255 255 255 255 255 255 255 255 255 255 255 255 255 255 255 190 56 58 191 255 
255 255 255 255 255 255 255 255 255 255 255 255 255 255 255 255 255 255 255 255 255 255 255 190 56 58 191 255 
255 255 255 255 255 255 255 255 255 255 255 255 255 255 255 255 255 255 255 255 255 255 255 190 56 58 191 255 
255 255 255 255 255 255 255 255 255 255 255 255 255 255 255 255 255 255 255 255 255 255 255 190 56 58 191 255 
255 255 255 255 255 255 255 255 255 255 255 255 255 255 255 255 255 255 255 255 255 255 255 190 56 58 191 255 
