255 255 255 255 255 255 255 255 255 254 252 252 145 0 0 0 0 0 0 0 37 214 252 252 252 254 255 255 
255 255 255 255 255 255 255 255 255 213 93 83 48 0 0 0 0 0 0 0 12 71 83 83 93 213 255 255 
255 255 255 255 255 255 255 255 191 97 0 0 0 0 0 0 0 0 0 0 0 0 0 0 0 97 193 255 
255 255 255 255 255 255 249 203 78 0 0 0 0 0 0 34 62 58 14 0 0 0 0 0 0 0 82 193 
255 255 255 255 255 247 202 43 4 0 1 14 19 19 19 150 245 233 81 19 19 19 8 0 0 0 4 10 
255 255 255 255 255 168 38 5 0 0 10 151 210 210 210 237 255 255 223 210 210 210 87 0 0 0 0 0 
255 255 255 254 144 54 0 0 0 37 153 233 255 255 255 255 255 255 255 255 255 255 201 157 148 37 0 0 
255 255 233 153 37 0 0 0 54 144 254 255 255 255 255 255 255 255 255 255 255 255 255 255 255 144 55 0 
255 230 151 10 0 0 5 38 168 255 255 255 255 255 255 255 255 255 255 255 255 255 255 255 255 255 143 0 
255 123 14 1 0 4 43 202 247 255 255 255 255 255 255 255 255 255 255 255 255 255 255 255 255 255 147 10 
255 110 0 0 0 82 203 249 255 255 255 255 255 255 255 255 255 255 255 255 255 255 255 255 255 255 228 193 
255 116 0 0 0 106 255 255 255 255 255 255 255 255 255 255 255 255 255 255 255 255 255 255 255 255 255 255 
176 77 0 4 57 154 255 255 255 255 255 255 255 255 255 255 255 255 255 255 255 255 255 255 255 255 255 255 
2 1 0 14 183 253 255 255 255 255 255 255 255 255 255 255 255 255 255 255 255 255 255 255 255 255 241 224 
2 1 0 14 185 255 255 255 255 255 255 255 255 255 255 255 255 255 255 255 255 255 255 255 255 255 156 31 
176 77 0 15 191 255 255 255 255 255 255 255 255 255 255 255 255 255 255 255 255 255 255 255 255 255 140 0 
255 112 0 7 100 191 255 255 255 255 255 255 255 255 255 255 255 255 255 255 255 255 255 255 255 255 147 0 
255 147 44 0 0 78 203 249 255 255 255 255 255 255 255 255 255 255 255 255 255 255 255 255 252 210 108 0 
255 249 183 31 5 4 43 202 236 236 237 250 255 255 255 255 255 255 255 255 255 255 255 255 241 77 6 0 
255 255 244 201 56 0 5 38 45 45 57 199 255 255 255 255 255 255 255 255 255 255 255 255 243 69 0 0 
255 255 255 255 186 87 0 0 0 0 0 69 98 98 98 98 98 107 212 255 255 255 255 218 102 27 0 0 
255 255 255 255 255 194 98 98 37 0 0 0 0 0 0 0 0 6 182 255 255 255 198 111 1 0 0 0 
255 255 255 255 255 255 255 255 135 45 45 45 25 0 0 0 0 12 184 255 255 255 107 0 0 0 19 45 
255 255 255 255 255 255 255 255 244 236 236 236 140 10 10 10 10 23 187 255 254 247 104 0 1 7 109 236 
255 255 255 255 255 255 255 255 255 255 255 255 231 194 199 199 199 203 244 255 231 91 26 0 5 139 222 255 
255 255 255 255 255 255 255 255 255 255 255 255 255 243 146 126 126 126 120 118 99 10 0 31 136 229 255 255 
255 255 255 255 255 255 255 255 255 255 255 255 255 216 31 0 0 0 0 0 0 0 48 133 253 255 255 255 
255 255 255 255 255 255 255 255 255 255 255 255 255 217 38 0 0 0 0 0 0 0 145 253 255 255 255 255 
