0 0 0 0 0 0 0 0 0 0 14 38 70 108 147 185 217 241 255 255 255 255 255 255 255 255 255 255 
0 0 0 0 0 0 0 0 0 0 14 38 70 108 147 185 217 241 255 255 255 255 255 255 255 255 255 255 
0 0 0 0 0 0 0 0 0 0 14 38 70 108 147 185 217 241 255 255 255 255 255 255 255 255 255 255 
0 0 0 0 0 0 0 0 0 0 14 38 71 109 149 187 220 244 255 255 255 255 255 255 255 255 255 255 
0 0 0 0 0 0 0 0 0 0 13 35 65 100 136 171 201 224 239 241 244 247 250 252 254 255 255 255 
0 0 0 0 0 0 0 0 0 0 3 7 12 19 26 33 39 54 77 106 138 169 199 224 243 255 255 255 
0 0 0 0 0 0 0 0 0 0 0 0 0 0 0 0 0 8 33 68 108 148 185 216 240 255 255 255 
0 0 0 0 0 0 0 0 0 0 0 0 0 0 0 0 0 14 39 74 112 151 187 217 240 255 255 255 
0 0 0 0 0 0 0 0 0 0 0 0 0 0 0 0 0 14 39 74 112 151 187 217 240 255 255 255 
0 0 0 0 0 0 0 0 0 0 0 0 0 0 0 0 0 14 39 74 112 151 187 217 240 255 255 255 
0 0 0 0 0 0 0 0 0 0 0 0 0 0 0 0 0 14 39 74 112 151 187 217 240 255 255 255 
0 0 0 0 0 0 0 0 0 0 0 0 0 0 0 0 0 14 39 74 112 151 187 217 240 255 255 255 
0 0 0 0 0 0 0 0 0 0 0 0 0 0 0 0 0 14 39 74 112 151 187 217 240 255 255 255 
0 0 0 0 0 0 0 0 0 0 0 0 0 0 0 0 0 14 39 74 112 151 187 217 240 255 255 255 
0 0 0 0 0 0 0 0 0 0 0 0 0 0 0 0 0 14 39 74 112 151 187 217 240 255 255 255 
0 0 0 0 0 0 0 0 0 0 0 0 0 0 0 0 0 14 39 74 112 151 187 217 240 255 255 255 
0 0 0 0 0 0 0 0 0 0 0 0 0 0 0 0 0 14 39 74 112 151 187 217 240 255 255 255 
62 62 62 58 52 45 36 27 18 9 3 0 0 0 0 0 0 14 39 74 112 151 187 217 240 255 255 255 
245 245 245 231 209 179 145 108 71 38 14 0 0 0 0 0 0 14 39 74 112 151 187 217 240 255 255 255 
255 255 255 242 219 188 152 113 74 39 14 0 0 0 0 0 0 14 39 74 112 151 187 217 240 255 255 255 
255 255 255 240 217 187 151 112 74 39 14 0 0 0 0 0 0 15 40 76 116 156 193 225 249 255 255 255 
255 255 255 240 217 187 151 112 74 39 14 0 0 0 0 0 0 9 24 45 69 93 115 134 148 157 157 157 
255 255 255 240 217 187 151 112 74 39 14 0 0 0 0 0 0 0 0 0 0 0 0 0 0 0 0 0 
255 255 255 240 217 187 151 112 74 39 14 0 0 0 0 0 0 0 0 0 0 0 0 0 0 0 0 0 
255 255 255 240 217 187 151 112 74 39 14 0 0 0 0 0 0 0 0 0 0 0 0 0 0 0 0 0 
255 255 255 240 217 187 151 112 74 39 14 0 0 0 0 0 0 0 0 0 0 0 0 0 0 0 0 0 
255 255 255 240 217 187 151 112 74 39 14 0 0 0 0 0 0 5 13 24 37 49 61 71 78 83 83 83 
255 255 255 240 217 187 151 112 74 39 14 0 0 0 0 0 0 14 39 73 111 149 184 214 237 252 252 252 
