255 255 255 255 224 137 45 0 0 2 62 157 236 255 255 255 255 255 255 255 255 255 255 252 191 95 20 0 
255 255 255 255 224 137 45 0 0 2 62 157 236 255 255 255 255 255 255 255 255 237 182 129 84 42 9 0 
255 255 255 255 224 137 45 0 0 2 62 157 236 255 255 255 255 255 250 225 198 151 81 16 0 0 0 0 
255 255 255 255 224 137 45 0 0 2 62 157 236 255 255 254 250 244 213 136 54 12 7 2 0 0 0 0 
255 255 255 255 230 141 47 0 0 2 61 157 236 255 255 248 188 117 63 36 9 0 0 0 0 0 0 0 
255 247 215 174 130 79 26 0 0 2 65 166 239 231 186 140 87 28 0 0 0 0 0 0 0 0 0 0 
255 235 160 64 3 0 0 0 0 2 56 141 192 157 72 8 0 0 0 0 0 0 0 0 8 23 35 38 
255 235 160 63 2 0 0 0 0 0 10 25 34 27 12 0 0 0 0 0 0 0 0 2 55 136 200 217 
255 235 160 64 3 0 0 0 0 0 0 0 0 0 0 0 0 0 0 0 0 19 75 129 176 220 254 255 
255 235 160 64 3 0 0 0 0 0 0 0 0 0 0 0 0 0 5 30 57 104 174 239 255 255 255 255 
255 235 160 64 3 0 0 0 0 0 0 0 0 0 0 1 5 11 42 119 201 243 248 253 255 255 255 255 
255 235 160 64 3 0 0 0 0 0 0 0 0 0 0 14 71 140 192 219 246 255 255 255 255 255 255 255 
255 235 160 64 3 0 0 0 0 0 0 0 0 0 0 13 97 199 255 255 255 255 255 255 255 255 255 255 
255 235 160 64 3 0 0 0 0 0 0 0 1 12 26 53 121 203 253 255 255 255 255 255 255 255 255 255 
255 235 160 64 3 0 0 0 0 0 0 0 8 68 150 212 232 246 255 255 255 255 255 255 255 255 255 255 
255 235 160 64 3 0 0 0 0 0 0 0 2 75 178 252 255 255 255 255 255 255 255 255 255 255 255 255 
255 239 163 66 3 0 0 0 0 1 17 43 72 128 198 248 255 255 255 255 255 255 255 255 255 255 255 255 
241 222 151 61 3 0 0 0 0 3 58 148 223 245 251 254 255 255 255 255 255 255 255 255 255 255 255 255 
70 65 44 18 1 0 0 0 0 0 57 157 239 255 255 255 255 255 255 255 255 255 255 255 255 255 255 255 
0 0 0 0 0 0 0 19 58 96 143 198 244 255 255 255 255 255 255 255 255 255 255 255 255 255 255 255 
0 0 0 0 0 0 0 45 137 224 255 255 255 255 255 255 255 255 255 255 255 255 255 255 255 255 255 255 
0 0 0 0 0 0 0 46 138 225 255 255 255 255 255 255 255 255 255 255 255 255 255 255 255 255 255 255 
0 0 0 0 0 0 0 38 133 223 255 255 255 255 255 255 255 255 255 255 255 255 255 255 255 255 255 255 
0 0 0 0 9 32 58 103 170 233 255 255 255 255 255 255 255 255 255 255 255 255 255 255 255 255 255 255 
0 0 0 0 29 111 198 243 248 253 255 255 255 255 255 255 255 255 255 255 255 255 255 255 255 255 255 255 
0 0 0 0 32 120 214 255 255 255 255 255 255 255 255 255 255 255 255 255 255 255 255 255 255 255 255 255 
0 0 0 0 31 118 210 255 255 255 255 255 255 255 255 255 255 255 255 255 255 255 255 255 255 255 255 255 
0 0 0 0 31 118 210 255 255 255 255 255 255 255 255 255 255 255 255 255 255 255 255 255 255 255 255 255 
