255 255 255 255 255 255 203 54 0 0 0 0 0 0 0 0 0 0 0 0 0 0 0 0 0 25 169 255 
127 127 127 127 127 127 100 26 0 0 0 0 0 0 0 0 0 0 0 0 0 0 0 0 0 17 166 255 
0 0 0 0 0 0 0 0 0 0 0 0 0 0 0 0 0 0 0 0 8 38 49 49 49 69 186 255 
0 0 0 0 0 0 0 1 1 1 1 1 1 1 1 1 0 1 1 1 47 175 221 221 221 224 243 255 
142 142 142 142 142 142 142 142 142 142 142 142 142 142 142 86 9 61 139 142 167 238 255 255 255 255 255 255 
255 255 255 255 255 255 255 255 255 255 255 255 255 255 255 185 82 152 255 255 255 255 255 255 255 255 255 255 
255 255 255 255 255 255 255 255 255 255 255 255 255 255 255 245 231 240 255 255 255 255 255 255 255 255 252 251 
255 255 255 255 255 255 255 255 255 255 255 255 255 255 255 255 255 255 255 255 255 255 255 255 255 248 157 103 
255 255 255 255 255 255 255 255 255 255 255 255 255 255 255 230 197 220 253 255 255 255 255 255 224 172 59 0 
255 255 255 255 255 255 255 255 255 255 255 255 255 255 255 168 50 130 249 255 255 255 252 242 134 25 7 0 
255 255 255 255 255 255 255 255 255 255 255 255 255 255 255 158 25 115 249 255 255 255 205 108 43 0 0 0 
255 255 255 255 255 255 255 255 255 255 255 255 255 255 255 160 31 118 250 255 243 197 115 11 0 0 0 0 
255 255 255 255 255 255 255 255 255 255 255 255 255 255 255 160 31 119 248 247 196 64 11 2 0 1 8 12 
255 255 255 255 255 255 255 255 255 255 255 255 255 255 255 160 31 129 240 151 65 13 0 0 0 9 111 171 
255 255 255 255 255 255 255 255 255 255 255 255 255 255 255 162 29 86 150 58 0 0 0 0 39 99 203 255 
255 255 255 255 255 255 255 255 255 255 255 255 255 255 255 166 25 6 11 4 0 0 6 20 130 239 251 255 
255 255 255 255 255 255 255 255 255 255 255 255 255 255 255 167 25 0 0 0 0 0 58 164 220 255 255 255 
255 255 255 255 255 255 255 255 255 255 255 255 255 255 255 166 25 0 0 0 19 74 153 247 255 255 255 255 
255 255 255 255 255 255 255 255 255 255 255 255 255 255 255 166 25 0 0 0 51 195 250 254 255 255 255 255 
255 255 255 255 255 255 255 255 255 255 255 255 255 255 255 166 25 0 0 0 49 204 255 255 255 255 255 255 
255 255 255 255 255 255 255 255 255 255 255 255 255 255 255 166 25 0 10 67 135 223 255 255 255 255 255 255 
255 255 255 255 255 255 255 255 255 255 255 255 255 255 255 166 25 0 24 164 252 254 255 255 255 255 255 255 
255 255 255 255 255 255 255 255 255 255 255 255 255 255 255 166 25 0 25 169 255 255 255 255 255 255 255 255 
255 255 255 255 255 255 255 255 255 255 255 255 255 255 255 167 25 0 18 164 255 255 255 255 255 255 255 255 
255 255 255 255 255 255 255 255 255 255 255 255 255 255 255 166 26 16 55 178 255 255 255 255 255 255 255 255 
255 255 255 255 255 255 255 255 255 255 255 255 255 255 255 161 30 96 206 238 255 255 255 255 255 255 255 255 
255 255 255 255 255 255 255 255 255 255 255 255 255 255 255 160 31 123 255 255 255 255 255 255 255 255 255 255 
255 255 255 255 255 255 255 255 255 255 255 255 255 255 255 160 31 119 249 255 255 255 255 255 255 255 255 255 
