0 0 0 0 0 0 0 0 0 0 0 0 0 0 0 0 0 0 0 36 139 233 255 255 255 255 255 255 
73 73 73 73 73 73 66 36 7 11 42 69 73 73 73 73 73 73 73 102 174 239 255 255 255 255 255 255 
212 212 212 212 212 212 194 111 32 42 128 202 212 212 212 212 212 212 212 219 236 251 255 255 255 255 255 255 
255 255 255 255 255 255 249 183 120 128 197 255 255 255 255 255 255 255 255 255 255 255 255 255 255 255 255 255 
255 255 255 255 255 255 253 242 232 233 244 254 255 255 255 255 255 255 255 255 255 255 255 255 255 255 255 255 
255 255 255 255 255 255 255 255 255 255 255 255 255 255 255 255 255 255 255 255 255 255 255 255 255 255 255 255 
255 255 255 255 255 255 255 255 255 255 255 255 255 255 255 255 255 255 255 255 255 255 255 255 255 255 255 255 
255 255 255 255 255 255 255 255 255 255 255 255 255 255 255 255 255 255 255 255 255 255 255 255 255 255 255 255 
255 255 255 255 255 255 255 255 255 255 255 255 255 255 255 255 255 255 255 255 255 255 255 255 255 255 255 255 
255 255 255 255 255 255 255 255 255 255 255 255 255 255 255 255 255 255 255 255 255 255 255 255 255 255 255 255 
255 255 255 255 255 255 255 255 255 255 255 255 255 255 255 255 255 255 255 255 255 255 255 255 251 237 224 220 
255 255 255 255 255 255 255 255 255 255 255 255 255 255 255 255 255 255 255 255 255 255 255 255 237 163 96 75 
255 255 255 255 255 255 255 255 255 255 255 255 255 255 255 255 255 239 217 205 204 204 203 203 181 119 63 46 
255 255 255 255 255 255 255 255 255 255 255 255 255 255 255 255 252 190 110 65 62 60 59 59 77 127 171 185 
255 255 255 255 255 255 255 255 255 255 255 255 255 255 245 215 181 113 33 1 28 53 59 59 87 168 239 255 
255 255 255 255 255 255 255 255 255 255 255 255 255 255 217 132 57 27 6 28 111 185 203 203 211 232 252 255 
255 255 255 255 255 255 255 255 255 255 255 254 220 182 147 109 82 79 82 113 184 248 255 255 255 255 255 255 
255 255 255 255 255 255 255 255 255 255 254 240 159 75 68 139 208 220 220 226 240 253 255 255 255 255 255 255 
255 255 255 255 255 255 255 255 255 229 181 146 115 100 124 191 253 255 255 255 255 255 255 255 255 255 255 255 
255 255 255 255 255 255 255 255 255 201 104 53 103 191 237 246 254 255 255 255 255 255 255 255 255 255 255 255 
255 255 255 255 255 255 255 255 255 221 160 130 169 234 255 255 255 255 255 255 255 255 255 255 255 255 255 255 
255 255 255 255 250 243 240 245 252 252 247 244 247 253 255 255 255 255 255 255 255 255 255 255 255 255 255 255 
255 255 255 254 216 155 129 170 231 255 255 255 255 255 255 255 255 255 255 255 255 255 255 255 255 255 255 255 
255 255 255 254 186 79 34 106 212 255 255 255 255 255 255 255 255 255 255 255 255 255 255 255 255 255 255 255 
255 255 255 254 183 71 24 100 211 255 255 255 255 255 255 255 255 255 255 255 255 255 255 255 255 255 255 255 
255 255 255 254 185 75 30 104 212 255 255 255 255 255 255 255 255 255 255 255 255 255 255 255 255 255 255 255 
255 255 255 254 185 75 30 104 212 255 255 255 255 255 255 255 255 255 255 255 255 255 255 255 255 255 255 255 
255 255 255 254 185 75 30 104 212 255 255 255 255 255 255 255 255 255 255 255 255 255 255 255 255 255 255 255 
