255 253 219 156 85 32 31 81 153 219 254 255 255 255 255 255 255 255 255 255 255 255 255 255 255 255 255 255 
255 254 231 191 145 110 109 142 189 231 254 255 255 255 255 255 255 255 255 255 255 255 255 255 255 255 255 255 
255 255 251 245 239 234 233 238 245 252 255 255 255 255 255 255 255 255 255 255 255 255 255 255 255 255 255 255 
255 255 255 255 255 255 255 255 255 255 255 255 255 255 255 255 255 255 255 255 255 255 255 255 255 255 255 255 
255 255 252 246 239 234 234 238 245 252 255 255 255 255 255 255 255 255 255 255 255 255 255 255 255 255 255 255 
255 254 232 192 147 113 112 144 190 232 254 255 255 255 255 255 255 255 255 255 255 255 255 255 255 255 255 255 
255 253 219 157 86 33 32 81 153 219 254 255 255 255 255 255 255 255 255 255 255 255 255 255 255 255 255 255 
255 253 219 157 87 34 33 82 154 219 254 255 255 255 255 255 255 255 255 255 255 255 255 255 255 255 255 255 
255 253 219 158 89 37 36 84 155 220 254 255 255 255 255 255 255 255 255 255 255 255 255 255 255 255 255 255 
255 253 219 158 89 37 36 84 155 220 254 255 255 255 255 255 255 255 255 255 255 255 255 255 255 255 255 255 
255 253 219 158 89 37 36 84 155 220 254 255 255 255 255 255 255 255 255 255 255 255 255 255 255 255 255 255 
255 253 219 158 89 37 36 84 155 220 254 255 255 255 255 255 255 255 255 255 255 255 255 255 255 255 255 255 
255 253 219 158 89 37 36 84 155 220 254 255 255 255 255 255 255 255 255 255 255 255 255 255 255 255 255 255 
255 255 222 160 90 37 36 84 155 219 254 255 255 255 255 255 255 255 255 255 255 255 250 235 220 207 199 199 
255 255 223 161 90 37 36 84 155 219 254 255 255 255 255 255 255 255 255 255 255 255 230 179 123 77 50 49 
166 165 143 103 58 24 35 87 157 220 254 255 255 255 255 255 255 255 247 222 194 173 149 126 106 90 80 80 
25 25 21 15 9 5 34 92 161 221 254 255 255 255 254 253 251 249 219 163 103 61 60 99 154 202 229 230 
0 0 0 0 0 0 34 93 162 221 255 255 255 255 244 207 167 138 119 110 110 119 139 169 209 244 255 255 
0 0 0 0 0 1 34 94 162 220 251 246 239 233 202 150 95 59 61 103 163 219 249 251 253 254 255 255 
0 0 0 0 0 0 28 92 165 219 230 192 142 105 91 101 123 149 173 194 222 247 255 255 255 255 255 255 
0 0 7 19 33 47 81 134 190 229 228 183 124 79 78 119 177 230 255 255 255 255 255 255 255 255 255 255 
0 1 27 71 124 174 209 224 240 251 251 238 221 208 207 219 235 250 255 255 255 255 255 255 255 255 255 255 
0 2 37 98 170 232 253 230 199 176 175 195 223 249 255 255 255 255 255 255 255 255 255 255 255 255 255 255 
0 2 35 94 162 214 218 171 109 62 62 105 167 224 254 255 255 255 255 255 255 255 255 255 255 255 255 255 
0 1 17 45 78 102 117 120 117 120 137 164 201 236 254 255 255 255 255 255 255 255 255 255 255 255 255 255 
0 0 4 11 19 28 60 111 169 220 249 251 253 254 255 255 255 255 255 255 255 255 255 255 255 255 255 255 
0 1 22 58 101 141 176 199 225 248 255 255 255 255 255 255 255 255 255 255 255 255 255 255 255 255 255 255 
0 2 35 92 161 224 255 255 255 255 255 255 255 255 255 255 255 255 255 255 255 255 255 255 255 255 255 255 
