13 12 9 5 1 0 0 0 0 0 0 0 0 0 0 0 0 0 0 0 0 0 0 0 0 0 0 0 
233 222 169 94 27 8 8 8 8 8 8 8 8 8 7 4 1 1 3 6 8 8 8 8 8 8 8 8 
255 254 248 238 230 227 227 227 227 227 227 227 227 227 189 110 41 32 92 173 223 227 227 227 227 227 227 227 
255 255 255 255 255 255 255 255 255 255 255 255 255 255 213 124 46 36 104 195 252 255 255 255 255 255 255 255 
255 255 255 255 255 255 255 255 255 255 255 255 255 255 212 124 46 36 104 194 251 255 255 255 255 255 255 255 
255 255 255 255 255 255 255 255 255 255 255 255 255 255 212 124 46 36 104 194 251 255 255 255 255 255 255 255 
255 255 255 255 255 255 255 255 255 255 255 255 255 255 212 124 46 36 104 194 251 255 255 255 255 255 255 255 
255 255 255 255 255 255 255 255 255 255 255 255 255 255 217 127 47 36 103 194 251 255 255 255 255 255 255 255 
255 255 255 255 255 255 255 255 255 255 254 220 161 104 62 36 13 35 110 197 251 255 255 255 255 255 255 255 
255 255 255 255 255 255 255 255 255 255 254 205 119 37 0 0 0 34 113 198 251 255 255 255 255 255 255 255 
255 255 255 255 255 255 255 255 255 255 254 206 123 42 0 0 0 34 113 198 251 255 255 255 255 255 255 255 
255 255 255 255 255 255 255 255 255 255 254 206 123 42 0 0 0 34 113 198 251 255 255 255 255 255 255 255 
255 255 255 255 255 255 255 255 255 255 254 206 123 42 0 0 0 34 113 198 251 255 255 255 255 255 255 255 
255 255 255 255 255 255 255 255 255 255 254 206 123 42 0 0 0 34 113 198 251 255 255 255 255 255 255 255 
255 255 255 255 255 255 255 255 255 255 254 206 123 42 0 0 0 34 113 198 251 255 255 255 255 255 255 255 
255 255 255 255 255 255 255 255 255 255 254 206 123 42 0 0 0 34 113 198 251 255 255 255 255 255 255 255 
255 255 255 255 255 255 255 255 255 255 254 206 123 42 0 0 0 28 109 196 250 255 255 255 255 255 255 255 
255 255 255 255 255 255 255 255 255 255 255 210 122 42 15 41 74 115 165 219 252 255 255 246 217 183 160 155 
255 255 255 255 255 255 255 254 236 208 181 136 76 27 42 120 211 255 255 255 255 255 255 245 190 128 85 75 
255 255 255 255 255 255 255 250 196 108 28 0 0 0 42 123 206 255 255 255 251 224 195 185 206 236 255 255 
255 255 255 255 255 255 255 251 198 113 34 0 0 0 43 127 210 248 227 201 172 126 85 80 127 196 245 255 
255 255 255 255 255 255 255 251 198 113 34 0 0 0 34 102 162 176 134 83 77 129 203 253 255 255 255 255 
255 255 255 255 255 255 255 251 198 113 34 0 0 0 0 0 0 30 111 199 253 255 255 255 255 255 255 255 
255 255 255 255 255 255 255 251 198 113 34 0 0 0 7 20 34 70 136 207 251 255 255 255 255 255 255 255 
255 255 255 255 255 255 255 251 198 113 34 0 0 0 40 121 205 252 254 255 255 255 255 255 255 255 255 255 
255 255 255 255 255 255 255 251 197 112 35 5 13 23 65 137 211 254 255 255 255 255 255 255 255 255 255 255 
255 255 255 255 255 255 255 251 194 104 36 44 120 205 248 251 253 255 255 255 255 255 255 255 255 255 255 255 
255 255 255 255 255 255 255 251 194 104 36 46 124 212 255 255 255 255 255 255 255 255 255 255 255 255 255 255 
