255 255 255 255 255 255 255 255 255 255 255 255 255 255 255 255 255 193 62 0 0 0 0 0 0 64 195 255 
255 255 255 255 255 255 255 255 255 255 255 255 255 255 255 255 255 193 62 0 0 0 0 2 6 70 197 255 
255 255 255 255 255 255 255 255 255 255 255 255 255 255 255 254 252 190 60 0 0 0 0 55 172 234 248 255 
255 255 255 255 255 255 255 255 255 255 255 255 255 255 255 202 88 26 8 0 0 0 1 63 195 255 255 255 
255 255 255 255 255 255 255 255 255 255 255 255 255 255 255 194 60 0 0 0 0 52 162 224 245 255 255 255 
255 255 255 255 255 255 255 255 255 255 255 255 255 205 99 37 12 0 0 0 0 60 195 255 255 255 255 255 
255 255 255 255 255 255 255 255 255 255 255 255 255 193 59 0 0 0 0 48 150 212 241 255 255 255 255 255 
255 255 255 255 255 255 255 255 255 255 255 255 255 199 63 0 0 0 0 63 197 255 255 255 255 255 255 255 
255 255 255 255 255 255 255 255 255 255 255 211 118 57 18 0 0 0 0 56 192 255 255 255 255 255 255 255 
255 255 255 255 255 255 255 255 255 255 255 192 57 0 0 0 0 41 130 191 235 255 255 255 255 255 255 255 
255 255 255 255 255 255 255 255 255 255 255 200 64 0 0 0 0 56 196 255 255 255 255 255 255 255 255 255 
255 255 255 255 255 255 255 255 255 218 140 78 25 0 0 37 115 177 230 255 255 255 255 255 255 224 141 103 
255 255 255 255 255 255 255 255 255 199 58 0 0 0 0 63 200 255 255 255 255 255 255 228 149 82 20 0 
255 255 255 255 255 255 255 223 155 93 30 0 0 0 0 55 191 255 255 230 157 123 123 91 23 0 0 0 
255 255 255 255 255 255 255 191 55 0 0 0 0 29 93 156 229 232 164 98 25 0 0 0 0 0 0 0 
255 255 255 255 255 255 255 200 63 0 0 0 0 68 209 244 175 106 27 0 0 0 0 21 84 113 113 113 
255 255 255 255 255 230 177 115 37 0 0 0 0 39 119 117 32 0 0 0 0 19 76 142 225 255 255 255 
255 255 255 255 255 191 55 0 0 0 0 0 0 0 0 0 0 0 0 17 69 135 223 255 255 255 255 255 
255 255 255 255 255 198 63 0 0 0 0 0 0 0 0 16 62 84 84 127 220 255 255 255 255 255 255 255 
255 255 255 237 198 137 44 0 0 0 0 0 0 14 55 120 217 255 255 255 255 255 255 255 255 255 255 255 
255 255 255 192 56 0 0 0 0 0 0 16 50 113 214 255 255 255 255 255 255 255 255 255 255 255 255 255 
255 255 255 196 62 0 0 0 0 0 0 60 197 255 255 255 255 255 255 255 255 255 255 255 255 255 255 255 
255 243 218 156 50 0 0 0 0 10 37 99 205 255 255 255 255 255 255 255 255 255 255 255 255 255 255 255 
255 195 63 0 0 0 0 9 31 93 204 255 255 255 255 255 255 255 255 255 255 255 255 255 255 255 255 255 
255 196 65 0 0 8 26 87 201 254 255 255 255 255 255 255 255 255 255 255 255 255 255 255 255 255 255 255 
227 174 57 0 0 60 190 252 254 255 255 255 255 255 255 255 255 255 255 255 255 255 255 255 255 255 255 255 
8 6 2 5 17 78 199 255 255 255 255 255 255 255 255 255 255 255 255 255 255 255 255 255 255 255 255 255 
0 0 0 58 184 245 252 255 255 255 255 255 255 255 255 255 255 255 255 255 255 255 255 255 255 255 255 255 
