255 255 255 255 255 255 255 255 255 255 255 255 255 255 255 255 255 255 250 250 250 255 255 226 226 0 0 0 
255 255 255 255 255 255 255 255 255 255 255 255 255 255 255 255 249 249 255 255 255 198 198 0 0 0 0 0 
255 255 255 255 255 255 255 255 255 255 255 255 255 248 248 248 255 255 163 163 163 0 0 3 3 0 0 7 
255 255 255 255 255 255 255 255 255 249 249 249 249 255 255 255 127 127 0 0 0 6 6 0 0 6 6 0 
252 252 252 252 252 252 252 252 252 255 255 255 255 92 92 92 0 0 10 10 7 0 0 3 3 0 0 163 
255 255 255 255 255 255 255 255 255 58 58 58 59 0 0 0 4 4 0 0 0 1 0 0 0 197 197 255 
31 28 28 28 28 28 31 31 31 0 0 0 0 0 0 9 4 4 227 223 0 0 4 227 227 255 255 250 
0 0 0 0 0 0 0 0 0 0 0 0 31 28 28 251 251 251 255 13 0 28 251 255 255 252 252 255 
59 0 0 0 0 0 59 59 59 58 58 58 255 255 255 255 255 255 254 3 0 255 255 254 254 255 255 255 
255 92 92 92 92 92 255 255 255 255 255 255 252 252 252 255 255 255 255 0 0 255 255 255 255 255 255 255 
249 255 255 255 255 255 249 249 249 249 249 249 255 255 255 255 255 255 255 128 6 127 249 255 255 255 255 255 
255 248 248 248 248 248 255 255 255 255 255 255 255 255 255 255 255 255 255 255 0 0 255 255 255 255 255 255 
255 255 255 255 255 255 255 255 255 255 255 255 255 255 255 255 255 255 255 249 197 7 58 255 255 255 255 255 
255 255 255 255 255 255 255 255 255 255 255 255 255 255 255 255 255 255 255 255 255 0 0 251 255 255 255 255 
255 255 255 255 255 255 255 255 255 255 255 255 255 255 255 255 255 255 255 255 252 28 3 4 255 255 255 250 
255 255 255 255 255 255 255 255 255 255 255 255 255 255 255 255 255 255 255 255 255 255 0 0 249 255 255 255 
255 255 255 255 255 255 255 255 255 255 255 255 255 255 255 255 255 255 255 255 255 252 0 0 255 255 248 163 
255 255 255 255 255 255 255 255 255 255 255 255 255 255 255 255 255 255 255 255 255 255 0 0 127 255 255 0 
255 255 255 255 255 255 255 255 255 255 255 255 255 255 255 255 255 255 255 255 255 255 0 0 0 252 92 7 
255 255 255 255 255 255 255 255 255 255 255 255 255 255 255 255 255 255 255 255 255 255 0 0 6 255 0 1 
255 255 255 255 255 255 255 255 255 255 255 255 255 255 255 255 255 255 255 255 255 255 0 0 0 28 5 0 
255 255 255 255 255 255 255 255 255 255 255 255 255 255 255 255 255 255 255 255 255 255 0 0 0 0 0 28 
255 255 255 255 255 255 255 255 255 255 255 255 255 255 255 255 255 255 255 255 255 255 0 0 0 1 6 255 
255 255 255 255 255 255 255 255 255 255 255 255 255 255 255 255 255 255 255 255 255 255 0 0 0 0 0 252 
255 255 255 255 255 255 255 255 255 255 255 255 255 255 255 255 255 255 255 255 255 255 0 0 0 6 128 255 
255 255 255 255 255 255 255 255 255 255 255 255 255 255 255 255 255 255 255 255 255 255 3 0 3 0 255 255 
255 255 255 255 255 255 255 255 255 255 255 255 255 255 255 255 255 255 255 255 255 255 0 0 0 198 249 255 
255 255 255 255 255 255 255 255 255 255 255 255 255 255 255 255 255 255 255 255 255 255 226 0 226 255 255 255 
