0 0 0 0 0 0 0 45 137 224 255 255 255 255 255 255 255 255 255 255 255 255 255 255 255 255 255 255 
7 7 7 7 6 0 4 51 140 225 255 255 255 255 255 255 255 255 255 255 255 255 255 255 253 251 249 248 
52 52 52 52 52 46 50 88 161 230 255 255 255 255 255 255 255 255 255 255 255 255 255 254 242 222 207 200 
123 123 123 123 123 119 122 147 194 239 255 255 255 255 255 255 255 255 255 255 255 255 255 254 224 178 141 126 
200 200 200 200 199 198 199 209 229 248 255 255 255 255 255 255 255 255 255 255 255 255 255 253 205 130 71 46 
249 249 249 249 249 249 249 250 252 254 255 255 255 255 255 255 255 255 252 244 235 232 238 228 174 89 23 0 
255 255 255 255 255 255 255 255 255 255 255 255 255 255 255 255 255 255 244 214 182 167 169 164 124 62 13 0 
255 255 255 255 255 255 255 255 255 255 255 255 255 255 255 255 255 255 235 178 118 88 86 87 66 33 7 0 
255 255 255 255 255 255 255 255 255 255 255 255 255 255 255 255 255 255 222 145 64 23 18 24 20 13 7 5 
255 255 255 255 255 255 255 255 255 255 255 255 255 255 255 251 240 219 178 107 35 0 0 0 13 33 49 56 
255 255 255 255 255 255 255 255 255 255 255 255 255 255 255 246 209 161 113 64 22 0 0 1 32 80 118 133 
255 255 255 255 255 255 255 255 255 255 255 255 255 255 255 240 179 103 49 21 8 0 0 2 51 127 186 211 
255 255 255 255 252 243 234 234 243 252 255 255 254 252 245 214 143 60 7 0 0 2 5 24 82 166 231 255 
255 255 255 255 244 211 181 181 211 244 255 255 252 231 199 157 99 39 2 0 0 14 42 80 133 196 242 255 
255 255 255 255 234 173 117 117 173 234 255 255 249 205 143 88 49 19 0 0 0 29 86 147 193 227 248 255 
255 255 255 255 226 141 63 64 141 226 255 255 241 179 95 32 9 7 5 0 4 46 126 203 242 252 253 255 
255 255 255 255 223 129 43 43 131 223 251 237 198 136 60 12 13 37 52 48 52 89 162 230 255 255 255 255 
255 255 255 255 223 129 43 44 134 222 232 188 132 81 33 14 45 95 126 128 127 150 196 240 255 255 255 255 
255 255 255 255 223 129 43 45 136 221 213 140 66 26 6 17 76 152 199 207 203 211 230 249 255 255 255 255 
255 255 255 255 226 142 64 61 136 202 181 97 23 0 7 41 112 195 246 255 251 250 252 254 255 255 255 255 
255 255 255 255 235 176 117 102 131 155 127 63 16 19 52 98 156 216 253 255 255 255 255 255 255 255 255 255 
255 255 255 255 244 217 183 152 125 97 63 26 13 47 110 167 206 236 254 255 255 255 255 255 255 255 255 255 
255 255 255 255 253 250 237 194 119 49 12 0 16 74 159 223 248 252 255 255 255 255 255 255 255 255 255 255 
255 255 255 255 255 255 255 209 116 32 4 20 59 119 194 247 255 255 255 255 255 255 255 255 255 255 255 255 
255 255 255 255 255 255 255 209 113 32 24 70 127 174 220 250 255 255 255 255 255 255 255 255 255 255 255 255 
255 255 255 255 255 255 255 208 110 33 42 116 189 225 243 253 255 255 255 255 255 255 255 255 255 255 255 255 
255 255 255 255 255 255 255 208 109 34 54 145 230 255 255 255 255 255 255 255 255 255 255 255 255 255 255 255 
255 255 255 255 255 255 255 208 108 34 56 150 236 255 255 255 255 255 255 255 255 255 255 255 255 255 255 255 
