0 0 0 0 0 0 22 113 213 255 255 255 255 255 255 255 255 255 255 255 255 255 255 255 255 255 255 255 
0 0 0 0 0 0 10 50 94 112 112 122 173 235 255 255 255 255 255 255 255 255 255 255 255 255 255 255 
70 62 35 6 0 0 0 0 0 0 0 5 70 148 185 185 188 212 243 255 255 255 255 255 255 255 255 255 
241 216 136 46 14 14 13 8 2 0 0 1 6 11 14 14 25 97 190 243 249 254 255 255 255 255 255 255 
255 251 225 195 185 185 168 100 24 0 0 0 0 0 0 0 0 23 53 102 177 246 255 255 255 255 255 255 
255 255 255 255 255 255 251 195 133 108 108 100 61 15 0 0 0 0 0 16 78 134 147 147 147 147 147 147 
255 255 255 255 255 255 255 255 255 255 255 241 167 80 30 14 1 0 0 0 0 0 0 0 0 0 0 0 
255 255 255 255 255 255 255 255 255 255 255 254 241 225 175 88 14 0 0 0 0 0 0 0 0 0 0 0 
255 255 255 255 255 255 255 255 255 255 255 255 255 255 242 199 156 99 35 0 0 0 0 0 0 0 0 0 
255 255 255 255 255 255 255 255 255 255 255 255 255 255 243 217 187 122 43 0 0 0 0 0 0 0 0 0 
255 255 255 255 255 255 255 255 255 255 255 255 255 255 209 111 29 9 3 0 0 0 5 11 12 7 2 0 
255 255 255 255 255 255 255 255 255 255 255 255 255 255 211 103 13 0 0 0 0 0 60 140 157 88 15 0 
255 255 255 255 255 255 255 255 255 255 255 255 216 169 119 59 9 0 0 11 57 103 163 228 242 186 126 108 
255 255 255 255 255 255 255 255 255 246 231 205 129 42 0 0 2 14 29 73 159 236 255 255 255 255 255 255 
255 255 255 255 255 255 255 255 255 206 117 46 22 6 0 0 10 79 168 224 239 253 255 255 255 255 255 255 
255 255 255 255 255 255 255 255 255 203 92 5 0 0 0 0 5 94 209 255 255 255 255 255 255 255 255 255 
255 255 255 255 255 255 249 224 196 143 68 8 0 0 11 43 71 111 155 192 220 249 255 255 255 255 255 255 
255 255 255 255 255 255 234 149 53 11 5 2 6 11 60 157 216 165 74 64 148 235 255 255 255 255 255 255 
255 255 255 255 255 255 233 140 38 0 0 12 75 149 200 232 251 231 197 192 220 249 255 255 255 255 255 255 
255 255 255 255 255 255 233 142 42 0 0 17 107 213 255 255 255 255 255 255 255 252 217 172 163 201 243 255 
255 255 255 255 255 255 233 142 42 0 0 17 103 206 255 255 255 255 255 255 255 247 165 59 37 128 226 255 
255 255 255 255 255 255 233 142 42 0 0 17 103 206 255 255 255 255 255 255 255 247 165 58 35 128 226 255 
255 255 255 255 255 255 233 142 42 0 0 17 103 206 255 255 255 255 255 255 255 255 171 61 37 128 226 255 
255 255 255 255 255 255 233 142 42 0 0 17 103 206 255 255 255 255 255 247 218 185 118 39 32 128 226 255 
255 255 255 255 255 255 233 142 42 0 0 17 103 206 255 255 254 250 244 204 114 34 14 14 48 143 228 255 
255 255 255 255 255 255 233 139 35 0 0 17 106 212 255 255 253 192 113 57 24 1 53 134 193 223 247 255 
255 255 255 255 255 255 243 192 135 87 41 15 58 115 143 143 136 87 25 11 59 106 162 225 255 255 255 255 
255 255 255 255 255 255 255 255 255 198 93 12 0 0 0 0 0 0 0 42 142 233 255 255 255 255 255 255 
