255 255 255 255 255 255 255 255 255 255 255 255 255 255 255 255 255 255 255 255 255 255 228 161 87 26 0 0 
255 255 255 255 255 255 255 255 255 255 255 255 255 255 255 255 255 255 252 247 242 237 205 152 95 49 21 20 
255 255 255 255 255 255 255 255 255 255 255 255 255 255 255 255 255 255 247 220 190 168 146 127 113 102 95 95 
255 255 255 255 255 255 255 255 255 255 255 255 255 255 255 255 255 255 233 182 126 86 78 102 139 172 190 191 
255 255 255 255 255 255 255 255 255 255 255 255 255 255 251 242 234 226 197 147 94 60 65 110 169 222 251 252 
255 255 255 255 255 255 255 255 255 255 255 255 255 254 237 206 171 146 126 113 107 112 130 163 205 242 255 255 
255 255 255 255 255 255 255 255 255 255 255 255 255 254 225 172 113 72 66 94 140 185 214 225 238 250 255 255 
255 255 255 255 255 255 255 255 255 255 255 255 255 255 227 173 114 73 73 114 173 228 255 255 255 255 255 255 
255 255 255 255 255 255 255 255 255 255 255 255 255 255 245 212 174 148 148 174 211 245 255 255 255 255 255 255 
255 255 255 255 255 255 255 255 255 255 255 254 253 252 248 241 233 227 228 234 243 251 255 255 255 255 255 255 
255 255 255 255 255 255 255 255 255 255 249 232 213 199 200 214 233 251 255 255 255 255 255 255 255 255 255 255 
255 255 255 255 255 255 255 255 255 255 240 196 148 114 113 147 195 238 255 255 255 255 255 255 255 255 255 255 
255 255 255 255 255 255 254 251 248 245 215 160 100 59 61 104 166 224 254 255 255 255 255 255 255 255 255 255 
255 255 255 255 255 255 244 224 202 186 161 130 101 86 96 132 183 229 254 255 255 255 255 255 255 255 255 255 
255 255 255 255 255 254 231 186 137 103 92 104 129 158 181 198 222 243 255 255 255 255 255 255 255 255 255 255 
255 255 255 255 255 254 221 159 91 44 43 87 152 212 245 248 251 254 255 255 255 255 255 255 255 255 255 255 
255 255 255 255 255 255 223 153 76 23 23 77 155 225 255 255 255 255 255 255 255 255 255 255 255 255 255 255 
255 255 255 255 255 255 223 155 80 28 28 79 154 221 255 255 255 255 255 255 255 255 255 255 255 255 255 255 
255 255 251 243 234 227 196 146 93 58 62 105 167 224 254 255 255 255 255 255 255 255 255 255 255 255 255 255 
255 254 237 207 173 146 127 117 114 119 136 163 201 236 254 255 255 255 255 255 255 255 255 255 255 255 255 255 
255 254 225 175 117 73 66 95 141 187 215 225 237 249 255 255 255 255 255 255 255 255 255 255 255 255 255 255 
255 255 227 176 118 74 73 114 173 228 255 255 255 255 255 255 255 255 255 255 255 255 255 255 255 255 255 255 
255 255 245 213 176 148 148 174 211 245 255 255 255 255 255 255 255 255 255 255 255 255 255 255 255 255 255 255 
252 252 248 241 233 227 228 234 243 251 255 255 255 255 255 255 255 255 255 255 255 255 255 255 255 255 255 255 
191 191 200 216 234 251 255 255 255 255 255 255 255 255 255 255 255 255 255 255 255 255 255 255 255 255 255 255 
95 96 117 154 198 239 255 255 255 255 255 255 255 255 255 255 255 255 255 255 255 255 255 255 255 255 255 255 
20 21 52 103 165 223 254 255 255 255 255 255 255 255 255 255 255 255 255 255 255 255 255 255 255 255 255 255 
0 0 24 83 153 218 254 255 255 255 255 255 255 255 255 255 255 255 255 255 255 255 255 255 255 255 255 255 
