255 255 255 255 255 255 255 255 255 255 255 255 255 255 241 219 191 160 128 97 68 42 21 4 0 0 0 0 
216 216 216 216 216 216 216 216 216 216 216 216 216 210 200 186 168 148 127 107 88 72 58 47 39 38 38 38 
103 103 103 103 103 103 103 103 103 103 103 103 103 104 107 110 114 118 123 127 132 135 138 141 143 143 143 143 
28 28 28 28 28 28 28 28 28 28 28 28 28 35 47 64 86 110 134 158 180 200 217 230 240 241 241 241 
99 99 99 99 99 99 99 99 99 99 99 99 99 104 113 127 143 162 181 200 217 233 246 255 255 255 255 255 
216 216 216 216 216 216 216 216 216 216 216 216 216 217 219 223 227 231 236 241 245 249 252 254 255 255 255 255 
255 255 255 255 255 255 255 255 255 255 255 255 255 255 255 255 255 255 255 255 255 255 255 255 255 255 255 255 
255 255 255 255 255 255 255 255 255 255 255 255 255 255 255 255 255 255 255 255 255 255 255 255 255 255 255 255 
255 255 255 255 255 255 255 255 255 255 255 255 255 255 255 255 255 255 255 255 255 255 255 255 255 255 255 255 
255 255 255 255 255 255 255 255 255 255 255 255 255 255 255 255 255 255 255 255 255 255 255 255 255 255 255 255 
255 255 255 255 255 255 255 255 255 255 255 255 255 255 255 255 255 255 255 255 255 255 255 255 255 255 255 255 
255 255 255 255 255 255 255 255 255 255 255 255 255 255 255 255 255 255 255 255 255 255 255 255 255 255 255 255 
255 255 255 255 255 255 255 255 255 255 255 255 255 255 255 255 255 255 255 255 255 255 255 255 255 255 255 255 
255 255 255 255 255 255 255 255 255 255 255 255 255 255 255 255 255 255 255 255 255 255 255 255 255 255 255 255 
255 255 255 255 255 255 255 255 255 255 255 255 255 255 255 255 255 255 255 255 255 255 255 255 255 255 255 255 
255 255 255 255 255 255 255 255 255 255 255 255 255 255 255 255 255 255 255 255 255 255 255 255 255 255 255 255 
255 255 255 255 255 255 255 255 255 255 255 255 255 255 255 255 255 255 255 255 255 255 255 255 255 255 255 255 
255 255 255 255 255 255 255 255 255 255 255 255 255 255 255 255 255 255 255 255 255 255 255 255 255 255 255 255 
255 255 255 255 255 255 255 255 255 255 255 255 255 255 255 255 255 255 255 255 255 255 255 255 255 255 255 255 
255 255 255 255 255 255 255 255 255 255 255 255 255 255 255 255 255 255 255 255 255 255 255 255 255 255 255 255 
255 255 255 255 255 255 255 255 255 255 255 255 255 255 255 255 255 255 255 255 255 255 255 255 255 255 255 255 
255 255 255 255 255 255 255 255 255 255 255 255 255 255 255 255 255 255 255 255 255 255 255 255 255 255 255 255 
255 255 255 255 254 252 248 244 239 235 230 226 222 220 220 222 225 229 234 239 243 247 251 253 255 255 255 255 
255 255 255 255 255 246 231 214 195 176 157 139 126 118 117 124 137 153 171 190 207 224 237 247 254 255 255 255 
241 241 241 240 230 217 198 176 152 126 102 80 63 54 55 65 84 107 133 160 186 210 229 244 254 255 255 255 
143 143 143 143 141 138 134 129 123 118 113 110 109 111 118 128 140 156 174 192 209 225 238 247 254 255 255 255 
38 38 38 39 47 57 71 88 106 126 146 167 186 202 214 222 225 229 234 239 243 247 251 253 255 255 255 255 
0 0 0 0 4 21 42 68 97 128 160 191 219 241 255 255 255 255 255 255 255 255 255 255 255 255 255 255 
