0 49 170 255 255 255 255 255 255 255 255 255 255 255 255 255 255 255 255 255 242 135 22 0 0 85 206 255 
0 24 100 155 156 165 211 255 255 255 255 255 255 255 255 255 255 255 251 203 150 77 10 36 85 153 225 255 
17 16 14 12 12 31 130 224 238 238 238 238 238 238 238 238 238 238 214 112 23 14 23 108 213 247 253 255 
162 128 45 0 0 0 41 86 93 93 93 93 93 93 93 93 93 93 81 33 1 70 149 202 248 255 255 255 
255 222 127 58 57 52 23 0 0 0 0 0 0 0 0 0 0 0 2 30 68 155 243 255 255 255 255 255 
255 249 228 214 213 195 101 11 0 0 0 0 0 0 0 0 0 0 22 118 206 234 253 255 255 255 255 255 
255 255 255 255 255 251 186 123 113 113 116 120 85 27 0 0 0 0 22 144 251 255 255 255 255 255 255 255 
255 255 255 255 255 254 251 248 247 247 239 229 159 51 0 0 3 14 47 152 244 255 255 255 255 255 255 255 
255 255 255 255 255 255 255 255 255 255 198 118 64 20 0 0 21 105 177 218 251 255 255 255 255 255 255 255 
255 255 255 255 255 255 255 255 255 254 162 37 0 0 15 47 98 190 255 255 255 255 255 255 255 255 255 255 
255 255 255 255 255 255 255 255 254 249 160 40 0 0 50 156 226 243 255 255 255 255 255 255 255 255 255 255 
255 255 255 255 255 255 255 249 201 143 84 22 0 0 53 184 255 255 255 255 255 255 255 255 255 255 255 255 
255 255 255 255 255 255 255 244 145 32 3 0 8 21 79 188 255 255 255 255 255 255 255 255 255 255 255 255 
255 255 255 255 255 255 255 250 144 24 0 0 47 138 197 233 255 255 255 255 255 255 255 255 255 255 255 255 
255 255 255 255 255 249 216 177 101 21 27 63 130 220 255 255 255 255 255 255 255 255 255 255 255 255 255 255 
255 255 255 255 255 236 137 41 15 6 83 190 236 249 255 255 255 255 255 255 255 255 255 255 255 253 251 251 
255 255 255 255 255 232 118 9 0 3 97 221 255 255 255 255 255 255 255 255 255 255 255 255 254 209 148 123 
255 255 255 255 255 233 123 17 0 4 93 213 255 255 255 255 255 255 255 255 255 255 255 255 254 168 50 1 
255 255 255 255 255 233 123 17 0 4 93 213 255 255 255 255 255 255 255 255 255 255 255 255 254 166 45 0 
255 255 255 255 255 233 123 17 0 4 93 213 255 255 255 255 255 255 255 255 255 255 255 255 254 167 49 0 
255 255 255 255 255 233 123 17 0 4 93 213 255 255 255 255 255 255 255 255 255 255 255 255 254 167 49 0 
255 255 255 255 255 232 118 8 0 3 94 214 255 255 255 255 255 255 255 255 255 255 255 255 254 167 49 0 
255 255 255 255 255 237 144 53 22 8 92 215 255 255 255 255 255 255 255 255 255 255 255 255 255 168 47 0 
255 255 255 255 255 250 225 192 104 26 88 216 255 255 255 255 255 255 255 255 255 255 255 255 255 169 45 0 
255 255 255 255 255 255 255 251 139 26 49 133 191 239 255 255 255 255 255 255 255 255 255 216 169 130 104 93 
255 255 255 255 255 255 255 244 147 39 13 16 83 192 243 243 243 243 243 243 243 243 236 150 59 93 196 238 
255 255 255 255 255 255 255 250 211 164 96 19 24 75 99 99 99 99 99 99 99 99 101 116 142 184 240 255 
255 255 255 255 255 255 255 255 255 254 164 42 0 0 0 0 0 0 0 0 0 0 4 102 224 255 255 255 
