255 255 255 255 255 255 255 255 255 255 255 255 255 255 255 255 255 255 255 255 255 254 219 155 87 30 0 0 
255 255 255 255 255 255 255 255 255 255 255 255 255 255 255 255 255 255 255 255 255 255 237 194 148 109 87 86 
255 255 255 255 255 255 255 255 255 255 255 255 255 255 255 255 255 255 254 253 251 250 246 241 236 232 230 230 
255 255 255 255 255 255 255 255 255 255 255 255 255 255 255 255 255 255 244 207 167 139 140 169 209 244 255 255 
255 255 255 255 255 255 255 255 255 255 255 255 255 255 252 246 239 233 203 150 95 59 63 109 170 224 254 255 
255 255 255 255 255 255 255 255 255 255 255 255 255 255 239 195 147 113 99 106 126 150 173 193 219 242 254 255 
255 255 255 255 255 255 255 255 255 255 248 236 221 208 173 120 62 22 30 83 156 222 255 255 255 255 255 255 
255 255 255 255 255 255 255 255 255 254 228 181 127 80 45 30 13 1 29 88 159 222 255 255 255 255 255 255 
255 255 255 255 255 255 255 255 255 255 224 158 83 23 0 20 48 74 110 150 194 233 254 255 255 255 255 255 
255 255 255 255 255 255 254 253 251 248 215 154 87 40 37 80 142 199 232 239 246 252 255 255 255 255 255 255 
255 255 255 255 255 255 244 207 167 138 120 113 116 126 146 173 210 245 255 255 255 255 255 255 255 255 255 255 
255 255 252 246 239 233 203 150 95 59 61 103 163 219 249 251 253 254 255 255 255 255 255 255 255 255 255 255 
255 254 232 192 147 112 99 106 126 150 173 194 222 247 255 255 255 255 255 255 255 255 255 255 255 255 255 255 
255 255 221 157 85 31 30 81 155 222 255 255 255 255 255 255 255 255 255 255 255 255 255 255 255 255 255 255 
255 255 222 158 86 31 30 81 154 221 255 255 255 255 255 255 255 255 255 255 255 255 255 255 255 255 255 255 
160 160 150 131 110 99 111 144 190 232 254 255 255 255 255 255 255 255 255 255 255 255 255 255 255 255 255 255 
31 32 58 101 153 203 233 238 245 252 255 255 255 255 255 255 255 255 255 255 255 255 255 255 255 255 255 255 
119 120 138 170 209 244 255 255 255 255 255 255 255 255 255 255 255 255 255 255 255 255 255 255 255 255 255 255 
249 249 250 251 253 254 255 255 255 255 255 255 255 255 252 245 238 234 234 238 245 252 255 255 255 255 255 255 
255 255 255 255 255 255 255 255 255 255 255 255 255 254 232 190 144 112 112 144 190 232 254 255 255 255 255 255 
255 255 255 255 255 255 255 255 255 255 255 255 255 254 219 153 81 32 32 81 153 219 254 255 255 255 255 255 
255 255 255 255 255 255 255 255 255 255 255 255 255 254 219 154 82 33 33 82 154 219 254 255 255 255 255 255 
255 255 255 255 255 255 255 255 255 255 255 255 255 254 219 152 80 30 30 80 152 219 254 255 255 255 255 255 
255 255 255 255 255 255 255 255 255 255 255 255 255 254 220 157 88 41 41 88 157 220 254 255 255 255 255 255 
255 255 255 255 255 255 255 255 255 255 255 255 255 255 245 211 173 147 145 170 205 237 254 255 255 255 255 255 
255 255 255 255 255 255 255 255 255 255 252 245 238 233 233 236 241 246 250 251 253 254 255 255 255 255 255 255 
255 255 255 255 255 255 255 255 255 254 231 189 142 109 110 144 193 237 255 255 255 255 255 255 255 255 255 255 
255 255 255 255 255 255 255 255 255 254 219 153 81 31 31 81 153 219 254 255 255 255 255 255 255 255 255 255 
