255 255 255 255 255 255 255 255 255 255 202 102 20 0 0 0 0 0 0 0 0 0 0 0 0 0 0 0 
227 227 227 227 227 227 227 227 227 224 172 87 16 0 0 0 0 0 3 14 24 24 13 4 6 17 26 28 
137 137 137 137 137 137 137 137 137 135 102 47 3 0 0 0 0 0 8 58 104 104 58 17 27 71 109 118 
35 35 35 35 35 35 35 35 35 35 27 14 4 1 1 1 1 1 28 109 182 180 100 30 50 132 202 220 
0 0 0 0 0 0 0 0 0 0 8 36 60 66 66 66 67 69 86 135 175 160 87 23 58 158 241 255 
0 0 0 0 0 0 0 0 0 0 30 100 157 171 171 172 174 178 169 141 107 72 37 6 57 158 240 255 
22 22 22 22 22 22 22 22 22 24 76 160 230 247 247 245 239 231 199 125 46 10 15 22 80 168 237 255 
113 113 113 113 113 113 113 113 113 114 149 206 253 255 255 255 221 179 132 74 13 6 53 98 149 202 244 255 
213 213 213 213 213 213 213 213 213 214 224 240 254 255 255 241 175 95 39 22 5 35 114 187 224 240 252 255 
255 255 255 255 255 255 255 255 255 255 255 255 255 255 255 238 155 57 5 21 46 93 167 236 255 255 255 255 
255 255 255 255 255 255 255 255 255 255 255 255 255 255 255 243 155 55 16 65 130 179 216 250 255 255 255 255 
255 255 255 255 255 255 255 255 255 255 255 255 254 250 244 221 140 52 32 104 198 245 249 254 255 255 255 255 
255 255 255 255 255 255 255 255 255 255 255 255 255 228 186 144 86 27 27 112 215 255 255 255 255 255 255 255 
255 255 255 255 255 255 255 255 255 255 255 255 250 193 114 53 27 8 29 115 211 255 255 255 255 255 255 255 
255 255 255 255 255 255 255 255 255 254 243 225 201 140 60 6 15 36 74 144 218 255 255 255 255 255 255 255 
255 255 255 255 255 255 255 255 255 253 218 162 110 66 21 1 48 111 163 200 237 255 255 255 255 255 255 255 
255 255 255 255 255 255 255 255 255 252 197 108 34 15 13 29 99 184 238 246 252 255 255 255 255 255 255 255 
255 255 255 255 255 255 255 255 255 252 188 85 9 15 57 102 159 223 255 255 255 255 255 255 255 255 255 255 
255 255 255 255 255 255 255 255 255 252 188 86 19 49 129 194 221 244 255 255 255 255 255 255 255 255 255 255 
255 255 255 255 255 255 255 255 255 253 200 116 66 101 185 248 255 255 255 255 255 255 255 255 255 255 255 255 
255 255 255 255 255 255 255 255 255 254 226 181 155 176 223 255 255 255 255 255 255 255 255 255 255 255 255 255 
255 255 255 255 255 255 255 255 255 255 249 241 236 239 248 254 255 255 255 255 255 255 255 255 255 255 255 255 
255 255 255 255 255 255 255 255 255 255 255 255 255 255 255 255 255 255 255 255 255 255 255 255 255 255 255 255 
255 255 255 255 255 255 255 255 255 255 255 255 255 255 255 255 255 255 255 255 255 255 255 255 255 255 255 255 
255 255 255 255 255 255 255 255 255 255 246 232 224 230 243 254 255 255 255 255 255 255 255 255 255 255 255 255 
255 255 255 255 255 255 255 255 255 253 220 166 134 156 210 250 255 255 255 255 255 255 255 255 255 255 255 255 
255 255 255 255 255 255 255 255 255 252 197 107 54 92 180 246 255 255 255 255 255 255 255 255 255 255 255 255 
255 255 255 255 255 255 255 255 255 252 187 82 19 63 167 245 255 255 255 255 255 255 255 255 255 255 255 255 
