255 255 255 255 255 255 255 251 198 113 34 0 0 0 0 0 0 34 113 198 251 255 255 255 255 255 255 255 
255 255 255 255 255 255 255 252 199 113 35 0 0 0 0 0 0 33 112 197 251 255 255 255 255 255 255 255 
255 255 255 255 249 206 142 85 51 29 9 0 0 0 31 91 153 197 218 240 254 255 255 255 255 255 255 255 
255 255 255 255 255 194 103 23 0 0 0 0 0 0 35 121 210 255 255 255 255 255 255 255 255 255 255 255 
255 248 217 173 130 91 49 13 0 0 1 26 69 111 152 191 231 254 255 255 255 255 255 255 255 255 255 255 
255 242 180 92 14 0 0 0 0 0 1 51 137 221 255 255 255 255 255 255 255 255 255 255 255 255 255 255 
255 242 182 98 22 0 0 0 0 0 0 45 130 213 255 255 255 255 255 255 255 255 255 255 255 255 255 255 
255 245 184 98 22 0 0 1 11 27 44 89 156 221 255 255 255 255 255 255 255 255 255 255 255 255 255 255 
227 216 163 87 20 0 0 4 56 140 217 251 253 254 255 255 255 255 255 255 255 255 255 255 255 255 255 255 
17 16 12 6 1 0 0 4 57 142 221 255 255 255 255 255 255 255 255 255 255 255 255 255 255 255 255 255 
0 0 0 0 0 0 0 4 57 142 221 255 255 255 255 255 255 255 255 255 255 255 255 255 255 255 255 255 
0 0 0 0 0 0 0 4 57 142 221 255 255 255 255 255 255 255 255 255 255 255 255 255 255 255 255 255 
171 162 122 65 15 0 0 4 57 142 221 255 255 255 255 255 255 255 255 255 255 255 255 255 255 255 255 255 
255 250 188 101 23 0 0 4 57 142 221 255 255 255 255 255 255 255 255 255 255 255 255 255 255 255 255 255 
255 242 182 98 22 0 0 4 59 147 228 255 255 255 255 255 255 255 255 255 255 255 255 255 255 255 255 255 
255 242 181 94 17 0 0 2 38 95 148 187 215 241 255 255 255 255 255 255 255 255 255 255 255 255 255 255 
255 245 199 133 73 43 23 6 0 0 0 45 130 213 255 255 255 255 255 255 255 255 255 255 255 255 255 255 
255 255 255 254 246 188 102 27 0 0 0 49 133 214 255 255 255 255 255 255 255 255 255 255 255 255 255 255 
255 255 255 255 248 193 113 42 13 7 2 46 124 200 241 246 252 255 255 255 255 255 255 255 255 255 255 255 
255 255 255 255 254 248 238 226 177 103 34 9 17 24 64 135 208 250 253 254 255 255 255 255 255 255 255 255 
255 255 255 255 255 255 255 255 246 229 212 165 96 29 2 19 36 74 138 208 251 255 255 255 255 255 255 255 
255 255 255 255 255 255 255 255 255 255 255 245 219 193 179 178 176 186 210 237 254 255 255 255 255 255 255 255 
255 255 255 255 255 255 255 255 255 255 255 255 255 255 255 255 255 255 255 255 255 255 255 255 255 255 255 255 
255 255 255 255 255 255 255 253 226 182 150 154 192 234 255 255 255 255 255 255 255 255 255 255 255 255 255 255 
255 255 255 255 255 255 255 250 191 94 22 34 119 215 255 255 255 255 255 255 255 255 255 255 255 255 255 255 
255 255 255 255 255 255 255 252 210 143 92 86 121 167 200 220 245 255 255 255 255 255 255 255 255 255 255 255 
255 255 255 255 255 255 255 255 255 255 255 204 115 40 32 94 169 211 212 212 212 212 212 212 212 212 212 212 
255 255 255 255 255 255 255 255 255 255 254 206 122 41 1 4 7 9 9 9 9 9 9 9 9 9 9 9 
