255 255 255 242 148 38 0 0 0 0 0 0 0 0 0 0 0 0 0 0 71 186 255 255 255 255 255 255 
255 243 187 127 70 11 29 90 128 128 128 128 128 128 128 128 128 120 70 12 26 83 139 197 247 255 255 255 
206 174 87 9 17 41 107 201 255 255 255 255 255 255 255 255 255 247 170 80 48 47 77 167 243 255 255 255 
34 29 15 14 93 188 230 246 255 255 255 255 255 255 255 255 255 254 241 226 220 220 225 240 253 255 255 255 
0 14 76 141 193 245 255 255 255 255 255 255 255 255 255 255 255 255 255 255 255 255 255 255 255 255 255 255 
0 39 146 245 255 255 255 255 255 255 255 255 255 255 255 255 255 255 255 255 255 255 255 255 255 255 255 255 
0 38 143 241 255 255 255 255 255 255 255 255 255 255 255 255 255 255 255 255 255 255 255 255 255 255 255 255 
0 38 143 241 255 255 255 255 255 255 255 255 255 255 255 255 255 255 255 255 255 255 255 255 255 255 255 255 
0 38 145 245 255 255 255 255 255 255 255 255 255 255 255 255 255 255 255 255 255 255 255 255 255 255 255 255 
0 37 138 234 250 254 255 255 255 255 255 255 255 255 255 255 255 255 255 255 255 255 255 255 255 255 255 255 
0 14 52 97 162 231 255 255 255 255 255 255 255 255 255 255 255 255 255 255 255 255 255 255 255 255 255 255 
0 0 0 7 106 220 255 255 255 255 255 255 255 255 255 255 255 255 255 255 255 255 255 255 255 255 255 255 
12 10 5 14 103 207 246 252 255 255 255 255 255 255 255 255 255 255 255 255 255 255 255 255 255 255 255 255 
171 144 71 6 27 63 127 212 255 255 255 255 255 255 255 255 255 255 255 255 255 255 255 255 255 255 255 255 
255 237 163 93 80 77 100 140 166 169 175 207 243 255 255 255 255 255 255 255 255 255 255 255 255 255 255 255 
255 253 248 244 243 243 184 88 26 18 26 114 219 255 255 255 255 255 255 255 255 255 255 255 255 255 255 255 
255 255 255 255 255 255 237 199 146 60 13 94 214 255 255 255 255 255 255 255 255 255 255 255 255 255 255 255 
255 255 255 255 255 255 255 255 238 159 112 156 230 255 255 255 255 255 255 255 255 255 255 255 255 255 255 255 
255 255 255 254 245 236 239 249 254 250 248 250 254 255 255 255 255 255 255 255 255 255 255 255 255 255 255 255 
255 255 255 244 169 94 113 199 255 255 255 255 255 255 255 255 255 255 255 255 255 255 255 255 255 255 255 255 
255 255 255 240 135 30 56 177 255 255 255 255 255 255 255 255 255 255 255 255 255 255 255 255 249 210 167 152 
255 255 255 241 139 38 63 180 255 255 255 255 255 255 255 255 255 255 255 255 255 255 255 255 242 145 41 4 
255 255 255 241 139 38 63 180 255 255 255 255 255 255 255 255 255 255 255 255 255 255 255 255 245 142 31 0 
255 255 255 240 136 31 59 184 255 255 255 255 255 255 255 255 255 255 255 255 230 176 142 142 141 129 117 113 
255 255 255 243 155 67 79 164 220 220 221 221 221 221 221 221 221 221 221 221 160 61 0 0 14 112 216 254 
255 255 255 252 233 213 160 89 46 48 49 49 49 49 49 49 49 49 49 49 34 9 0 0 9 110 218 255 
255 255 255 255 255 255 224 158 99 45 0 0 0 0 0 0 0 0 0 0 29 90 127 127 134 183 236 255 
255 255 255 255 255 255 255 255 218 108 14 0 0 0 0 0 0 0 0 0 71 186 255 255 255 255 255 255 
