255 255 255 255 255 255 255 255 255 205 97 12 0 0 0 0 0 0 0 43 147 241 255 255 255 255 255 255 
255 252 233 211 204 204 204 204 204 158 73 7 0 0 0 0 0 0 0 31 113 186 204 204 204 204 204 204 
255 243 178 105 79 79 79 79 79 60 24 0 0 0 0 0 0 0 0 6 41 72 79 79 79 79 79 79 
220 199 134 61 36 36 36 36 36 35 35 34 34 34 34 34 34 34 34 35 35 36 36 36 36 36 36 36 
94 99 117 138 145 145 145 145 145 146 149 152 152 152 152 152 152 152 152 151 148 145 145 145 145 145 145 145 
30 54 131 217 247 247 247 247 247 247 247 247 247 247 247 247 247 247 247 247 247 247 247 247 247 247 247 247 
124 139 189 244 255 255 255 255 255 255 255 255 255 255 255 255 255 255 255 255 255 255 255 255 255 255 255 255 
238 240 246 253 255 255 255 255 255 255 255 255 255 255 255 255 255 255 255 255 255 255 255 255 255 255 255 255 
255 255 255 255 255 255 255 255 255 255 255 255 255 255 255 255 255 255 255 255 255 255 255 255 255 255 255 255 
255 255 255 255 255 255 255 255 255 255 255 255 255 255 255 255 255 255 255 255 255 255 255 255 255 255 255 255 
255 255 255 255 255 255 255 255 255 255 255 255 255 255 255 255 255 255 255 255 255 255 255 255 255 255 255 255 
255 255 255 255 255 255 255 255 255 255 255 255 255 255 255 255 255 255 255 255 255 255 255 255 255 255 255 255 
175 185 215 248 255 255 255 255 255 255 255 255 255 255 255 255 255 255 255 255 255 255 255 255 255 255 255 255 
52 75 149 231 255 255 255 255 255 255 255 255 255 255 255 255 255 255 255 255 255 255 255 255 255 255 255 255 
52 68 118 175 194 194 200 223 248 255 255 255 255 255 255 255 255 233 207 204 226 250 255 255 255 255 255 255 
175 163 125 82 67 67 84 154 231 255 255 255 255 255 255 255 254 186 107 97 166 239 255 255 255 255 255 255 
255 232 156 70 40 40 55 116 184 212 212 212 212 213 213 212 204 143 74 74 153 236 255 255 255 255 255 255 
255 250 212 170 155 155 149 124 96 84 84 85 88 92 92 88 88 108 137 171 208 246 255 255 255 255 255 255 
255 255 253 251 251 251 232 154 68 33 32 30 20 9 9 20 41 112 201 251 253 255 255 255 255 255 255 255 
255 255 255 255 255 255 253 210 163 141 138 125 69 10 10 69 130 182 234 255 255 255 255 255 255 255 255 255 
255 255 255 255 255 255 253 242 231 230 237 228 145 57 57 145 229 247 252 255 255 255 255 255 255 255 255 255 
255 255 255 255 255 255 252 202 154 160 213 249 203 148 148 203 254 255 255 255 255 255 255 255 255 255 255 255 
255 255 255 255 253 249 229 144 64 76 167 243 246 237 237 246 254 255 255 255 255 255 255 255 255 255 255 255 
255 255 255 254 225 177 144 116 107 134 199 255 255 255 255 255 255 255 255 255 255 255 255 255 255 255 255 255 
255 255 255 254 195 101 58 107 187 225 240 252 254 255 255 254 254 254 254 254 254 254 254 255 255 255 255 255 
255 255 255 254 207 131 93 116 159 174 170 168 167 167 167 167 167 167 167 167 167 170 196 232 255 255 255 255 
255 255 255 255 241 219 192 135 76 51 50 49 49 49 49 49 49 49 49 49 49 55 116 202 254 255 255 255 
255 255 255 255 255 255 240 144 36 0 0 0 0 0 0 0 0 0 0 0 0 0 78 187 254 255 255 255 
