255 255 255 229 183 129 75 33 17 37 82 137 188 220 220 188 137 82 37 17 31 70 122 173 217 246 255 255 
248 248 240 214 175 128 82 46 34 54 95 146 193 223 223 193 146 95 54 35 47 84 132 180 220 247 255 255 
203 203 198 181 156 126 97 77 73 91 125 166 205 229 229 205 166 125 91 75 86 116 156 195 229 251 255 255 
132 132 131 130 127 123 122 124 132 148 170 197 222 238 238 222 197 170 148 138 146 167 194 221 244 255 255 255 
55 55 60 75 95 121 148 175 196 210 219 231 241 248 248 241 231 219 210 206 209 218 230 241 251 255 255 255 
6 6 14 39 75 119 165 208 238 250 251 252 253 254 254 253 252 251 250 248 246 242 239 235 233 231 230 230 
0 0 0 28 69 118 170 218 250 255 255 255 255 255 255 255 255 255 255 255 247 231 212 194 180 170 166 166 
0 0 3 30 70 118 169 216 248 255 255 255 255 255 255 255 255 255 255 253 232 202 169 138 112 94 89 89 
0 0 8 34 72 118 167 212 243 255 255 255 255 255 255 255 255 255 255 245 217 176 132 90 56 33 25 25 
0 0 9 35 73 118 167 212 243 255 255 255 255 255 255 255 255 255 255 243 211 166 116 69 31 4 0 0 
0 0 9 35 73 118 167 212 243 255 255 255 255 255 255 255 255 255 255 243 211 164 114 66 27 0 0 0 
0 0 9 35 73 118 167 212 243 255 255 255 255 255 255 255 255 255 255 243 212 166 117 70 32 6 0 0 
0 0 9 35 73 118 167 212 243 255 255 255 255 255 255 255 255 255 255 243 212 167 118 72 34 8 0 0 
0 0 9 35 73 118 167 212 243 255 255 255 255 255 255 255 255 255 255 243 211 165 115 68 29 3 0 0 
0 0 9 35 73 118 167 212 243 255 255 255 255 255 255 255 255 255 255 243 211 164 114 66 27 0 0 0 
0 0 9 35 73 118 167 212 243 255 255 255 255 255 255 255 255 255 255 243 213 169 122 77 40 15 6 6 
0 0 9 35 73 118 167 212 243 255 255 255 255 255 255 255 255 255 255 246 221 186 147 111 81 60 53 53 
0 0 9 35 73 118 167 212 243 255 255 255 255 255 255 255 255 255 255 249 234 211 187 164 145 132 128 128 
0 0 9 35 73 118 167 212 243 255 255 255 255 255 255 255 255 255 255 253 246 237 226 217 209 204 202 202 
0 0 8 34 72 118 167 212 243 255 255 255 255 255 255 255 255 255 255 255 254 253 252 251 250 249 249 249 
0 0 3 30 70 118 169 216 248 255 255 255 255 255 255 255 255 255 255 255 255 255 255 255 255 255 255 255 
0 0 0 28 69 118 170 218 250 255 255 255 255 255 255 255 255 255 255 255 255 255 255 255 255 255 255 255 
6 6 14 39 75 119 165 208 238 250 251 252 253 254 255 255 255 255 255 255 255 255 255 255 255 255 255 255 
55 55 60 75 95 121 148 175 196 209 218 229 240 249 254 255 255 255 255 255 255 255 255 255 255 255 255 255 
132 132 131 130 127 123 122 124 132 147 167 193 219 240 253 255 255 255 255 255 255 255 255 255 255 255 255 255 
203 203 198 181 156 126 97 77 72 89 119 159 199 232 251 255 255 255 255 255 255 255 255 255 255 255 255 255 
248 248 240 214 175 128 82 46 34 51 89 137 187 227 251 255 255 255 255 255 255 255 255 255 255 255 255 255 
255 255 255 229 183 129 75 33 17 35 75 128 181 225 250 255 255 255 255 255 255 255 255 255 255 255 255 255 
