255 255 255 255 255 255 255 255 255 255 255 255 255 255 255 255 235 190 131 70 19 0 0 0 0 0 0 0 
255 255 255 255 255 255 255 254 253 251 250 249 249 251 252 254 236 195 140 84 37 10 7 7 7 7 7 7 
255 255 255 255 255 255 254 248 237 223 212 206 209 219 232 245 238 206 161 115 77 55 52 52 52 52 52 52 
255 255 255 255 255 255 254 239 211 179 152 138 145 169 201 230 240 223 194 164 139 125 123 123 123 123 123 123 
255 255 255 255 255 255 253 230 187 138 96 74 85 122 171 217 243 242 229 217 206 200 200 200 200 200 200 200 
255 255 255 255 255 255 253 227 180 126 80 56 69 109 162 213 246 254 252 251 250 249 249 249 249 249 249 249 
255 255 255 255 255 255 253 233 197 154 118 100 109 141 183 222 249 255 255 255 255 255 255 255 255 255 255 255 
255 255 255 255 255 255 254 243 223 200 181 171 176 193 216 237 252 255 255 255 255 255 255 255 255 255 255 255 
255 255 255 255 255 255 255 252 247 241 235 233 234 239 245 250 254 255 255 255 255 255 255 255 255 255 255 255 
255 255 255 255 255 255 255 255 255 255 255 255 255 255 255 255 255 255 255 255 255 255 255 255 255 255 255 255 
255 255 255 255 255 255 255 255 255 255 255 255 255 255 255 255 255 255 255 255 255 255 255 255 255 255 255 255 
255 255 255 255 255 255 255 255 255 255 255 255 255 255 255 255 255 255 255 255 255 255 255 255 255 255 255 255 
255 255 255 255 255 255 255 255 255 255 255 254 251 245 240 235 231 230 230 230 230 230 230 230 230 230 230 230 
255 255 255 255 255 255 255 255 255 255 255 252 239 221 201 182 169 165 164 162 161 160 160 160 160 160 160 160 
255 255 255 255 255 255 255 255 255 255 255 249 226 191 153 118 94 87 85 83 81 80 80 80 80 80 80 80 
255 255 255 255 255 255 255 255 255 255 255 246 214 166 113 66 34 26 27 29 30 31 31 31 31 31 31 31 
255 255 255 255 255 255 255 255 255 255 255 245 208 152 92 39 7 5 17 30 42 48 49 49 49 49 49 49 
255 255 255 255 255 255 255 255 255 255 255 244 205 146 82 29 3 12 40 73 102 117 119 119 119 119 119 119 
255 255 255 255 255 255 255 255 255 255 255 245 207 148 86 37 18 38 80 130 173 197 199 199 199 199 199 199 
255 255 255 255 255 255 255 255 255 255 255 246 212 160 105 64 50 74 120 174 221 246 249 249 249 249 249 249 
255 255 255 255 255 255 255 255 255 255 255 249 224 186 146 117 108 127 163 206 242 255 255 255 255 255 255 255 
255 255 255 255 255 255 255 255 255 255 255 252 238 218 197 181 177 187 207 230 249 255 255 255 255 255 255 255 
249 249 249 250 252 253 254 255 255 255 255 254 250 245 239 234 233 236 241 247 252 255 255 255 255 255 255 255 
200 200 204 213 224 237 248 254 255 255 255 255 255 255 255 255 255 255 255 255 255 255 255 255 255 255 255 255 
123 123 133 154 182 212 239 254 255 255 255 255 255 255 255 255 255 255 255 255 255 255 255 255 255 255 255 255 
52 52 68 100 143 189 230 253 255 255 255 255 255 255 255 255 255 255 255 255 255 255 255 255 255 255 255 255 
7 7 26 65 117 174 224 252 255 255 255 255 255 255 255 255 255 255 255 255 255 255 255 255 255 255 255 255 
0 0 7 50 106 168 222 252 255 255 255 255 255 255 255 255 255 255 255 255 255 255 255 255 255 255 255 255 
