0 0 25 86 160 229 255 255 255 255 255 255 255 255 232 170 98 36 0 0 0 0 24 90 160 219 253 255 
13 14 44 94 154 210 241 242 242 242 242 242 242 241 210 154 89 33 2 5 8 11 46 105 169 222 254 255 
73 73 87 110 137 163 177 178 178 178 178 178 178 177 153 111 62 20 6 23 44 62 97 142 190 230 254 255 
157 157 148 133 115 98 89 89 89 89 89 89 89 88 76 53 27 5 14 52 97 135 170 195 221 242 254 255 
233 232 205 161 108 58 31 30 30 30 30 30 30 30 27 22 16 12 38 90 151 203 235 241 247 252 255 255 
255 255 238 193 138 88 60 59 59 59 59 59 59 59 60 62 63 66 92 138 190 235 255 255 255 255 255 255 
255 255 254 227 193 162 145 145 145 145 145 145 145 145 146 147 149 152 167 192 222 248 255 255 255 255 255 255 
251 251 248 243 236 230 227 227 227 227 227 227 227 227 227 227 227 227 231 238 245 252 255 255 255 255 255 255 
194 195 203 218 235 251 255 255 255 255 255 255 255 255 255 255 255 255 255 255 255 255 255 255 255 255 255 255 
104 104 125 160 202 241 255 255 255 255 255 255 255 255 255 255 255 255 255 255 255 255 255 255 255 255 255 255 
36 37 66 114 172 226 255 255 255 255 255 255 255 255 255 255 255 255 255 255 255 255 255 255 255 255 255 255 
46 47 74 120 175 226 254 255 255 255 255 255 255 255 255 255 255 255 255 255 255 255 255 255 255 255 255 255 
124 125 142 170 205 237 254 255 255 255 255 255 255 255 255 255 255 255 255 255 255 255 255 255 255 255 255 255 
212 212 218 227 238 249 255 255 255 255 255 255 255 255 255 255 255 255 255 255 255 255 255 255 255 255 255 255 
255 255 255 255 255 255 255 255 255 255 255 255 255 255 255 255 255 255 255 255 255 255 255 255 255 255 255 255 
255 255 255 255 255 255 255 255 255 255 255 255 255 255 255 255 255 255 255 255 255 255 255 255 255 255 255 255 
255 255 255 255 255 255 255 255 255 255 255 255 255 255 255 255 255 255 255 255 255 255 255 255 255 255 255 255 
221 221 225 233 242 250 255 255 255 255 255 255 255 255 255 255 255 255 255 255 255 255 251 242 232 224 220 220 
142 143 158 182 212 239 254 255 255 255 255 255 255 255 255 255 255 255 255 255 255 255 245 214 180 152 135 134 
57 59 84 127 179 228 254 255 255 255 255 255 255 255 255 255 255 255 255 255 255 255 231 181 126 80 53 52 
4 5 38 93 159 221 254 255 255 255 255 255 255 255 255 255 255 255 252 244 236 229 200 151 100 58 33 32 
0 0 21 82 156 224 255 255 255 255 255 255 255 255 255 255 255 255 246 216 184 160 138 121 109 100 94 94 
0 0 26 86 157 224 255 255 255 255 255 255 255 255 255 255 255 255 233 182 126 87 78 101 136 167 184 185 
22 23 51 97 152 204 232 233 233 233 233 233 233 233 233 233 233 232 205 153 96 58 61 105 165 217 246 247 
98 98 106 119 135 149 157 157 157 157 157 157 157 157 157 157 157 157 147 128 108 99 113 150 198 239 255 255 
182 182 168 144 115 88 73 73 73 73 73 73 73 73 73 73 73 73 86 109 136 164 188 206 229 248 255 255 
242 241 211 161 101 45 14 13 13 13 13 13 13 13 13 13 13 14 44 96 158 211 243 247 250 253 255 255 
255 255 230 169 95 26 0 0 0 0 0 0 0 0 0 0 0 0 25 90 165 230 255 255 255 255 255 255 
