255 216 103 28 99 216 255 255 255 255 255 255 255 255 255 255 255 255 255 255 255 255 255 255 255 255 255 255 
255 215 99 22 94 215 255 255 255 255 255 255 255 255 255 255 255 255 255 255 255 255 255 255 255 255 255 255 
255 218 113 43 109 218 255 255 255 255 255 255 255 255 255 255 255 255 255 255 255 255 255 255 255 255 255 255 
255 241 199 172 198 241 255 255 255 255 255 255 255 255 255 255 255 255 255 255 255 255 255 255 255 255 255 255 
255 255 255 255 255 255 255 255 249 221 198 194 194 194 194 194 194 198 221 249 255 255 255 255 255 255 255 255 
255 255 255 255 255 255 255 255 224 132 52 40 40 40 40 40 40 52 132 224 255 255 255 255 255 255 255 255 
255 238 192 149 142 142 140 136 130 116 105 104 104 104 104 104 104 105 116 130 134 134 153 209 255 255 255 255 
255 218 117 21 8 8 14 24 62 155 235 247 247 247 247 247 247 235 155 62 30 30 60 146 223 242 252 255 
255 222 108 1 0 0 41 118 179 220 255 255 255 255 255 255 255 255 220 179 165 165 151 107 91 152 235 255 
185 168 123 73 41 11 70 188 255 255 255 255 255 255 255 255 255 255 255 255 255 255 230 138 78 109 169 189 
36 64 146 197 128 34 64 182 255 255 255 255 255 255 255 255 255 255 255 255 255 255 250 234 211 137 62 34 
114 118 134 132 82 22 66 182 255 255 255 255 255 255 255 255 255 255 255 255 255 255 255 255 248 144 32 0 
251 214 113 17 2 1 70 185 255 255 255 255 255 255 255 255 255 255 255 255 255 255 255 255 241 143 38 0 
255 220 107 3 0 0 71 185 255 255 255 255 255 255 255 255 255 255 255 255 255 255 255 255 241 143 38 0 
255 228 154 80 39 7 64 182 255 255 255 255 255 255 255 255 255 255 255 255 255 255 255 255 245 144 34 0 
255 251 239 216 126 38 67 182 255 255 255 255 255 255 255 255 255 255 255 255 255 255 254 252 237 142 41 4 
255 255 255 255 204 152 162 219 255 255 255 255 255 255 255 255 255 255 255 255 255 255 242 177 131 122 130 132 
255 255 255 255 254 254 254 255 255 255 255 255 255 255 255 255 255 255 255 255 246 230 187 86 27 104 215 254 
255 255 255 255 255 255 255 255 255 255 255 255 255 255 255 255 255 255 255 255 203 118 54 19 8 106 219 255 
255 255 255 255 255 255 255 255 255 255 255 255 255 255 255 255 255 255 255 255 185 63 5 42 88 160 230 255 
255 255 255 255 255 255 255 255 255 255 255 255 255 255 255 255 255 255 252 248 175 62 34 128 221 243 252 255 
255 255 255 255 255 255 255 255 255 255 255 255 255 255 255 255 255 247 195 134 77 21 31 144 248 255 255 255 
255 255 255 255 255 255 255 255 255 255 255 255 255 255 255 255 255 241 145 37 9 29 73 165 243 255 255 255 
255 255 255 255 255 255 255 255 255 255 255 255 255 255 255 255 255 241 140 35 47 139 206 231 252 255 255 255 
255 255 255 255 255 255 255 255 255 255 255 255 255 255 255 255 255 241 139 38 65 186 255 255 255 255 255 255 
255 255 255 255 255 255 255 255 255 255 255 255 255 255 255 255 255 241 139 38 63 180 255 255 255 255 255 255 
255 255 255 255 255 255 255 255 255 255 255 255 255 255 255 255 255 241 139 38 63 180 255 255 255 255 255 255 
255 255 255 255 255 255 255 255 255 255 255 255 255 255 255 255 255 241 139 38 63 180 255 255 255 255 255 255 
