255 255 208 128 53 31 79 160 230 255 255 255 255 255 255 255 255 255 255 255 255 255 255 255 255 255 255 255 
217 211 170 105 44 30 81 161 230 255 255 255 255 255 255 255 255 255 255 255 255 255 255 255 255 255 255 255 
112 109 88 54 23 27 85 164 230 255 255 255 255 255 255 255 255 255 255 255 255 255 255 255 255 255 255 255 
14 14 11 7 3 25 88 166 230 255 255 255 255 255 255 255 255 255 255 255 255 255 255 255 255 255 255 255 
0 0 0 0 0 18 84 164 230 255 255 255 255 255 255 255 255 255 255 255 255 255 255 255 255 255 255 255 
0 0 0 0 0 25 89 166 230 255 255 255 255 255 255 255 255 255 255 255 255 255 255 255 255 255 255 255 
0 2 14 34 55 86 134 191 237 255 255 255 255 255 255 255 255 255 255 255 255 255 253 240 219 199 187 185 
0 5 38 89 145 187 209 231 248 255 255 255 255 255 255 255 255 255 255 255 255 255 251 215 160 108 75 70 
0 5 51 122 199 249 255 255 255 255 255 255 255 255 255 255 255 255 255 255 255 255 250 201 124 53 7 0 
0 0 47 122 204 255 255 255 255 255 255 255 255 255 255 255 255 255 255 255 255 255 255 205 124 48 0 0 
14 21 64 131 203 249 255 255 255 255 255 255 255 255 255 255 255 255 255 254 250 246 236 188 116 49 6 0 
108 112 138 179 223 251 255 255 255 255 255 255 255 255 255 255 255 255 255 245 218 185 154 115 71 30 4 0 
217 218 225 235 247 254 255 255 255 255 255 255 255 255 255 255 255 255 255 234 180 113 58 30 18 8 1 0 
255 255 255 255 255 255 255 255 255 255 255 255 255 255 255 255 255 255 255 230 164 84 18 0 0 0 0 0 
255 255 255 255 255 255 255 255 255 255 255 255 255 255 255 255 255 255 255 230 165 86 20 0 0 0 0 0 
255 255 255 255 255 255 255 255 255 255 255 255 255 255 255 255 255 255 255 230 165 87 26 8 18 30 37 38 
255 255 255 255 255 255 255 255 255 255 255 255 255 255 255 255 255 255 255 230 163 84 28 30 71 115 143 147 
255 255 255 255 255 255 255 255 255 255 255 255 255 255 255 255 255 255 255 230 160 80 30 48 116 189 234 241 
255 255 255 255 255 255 255 255 255 255 255 255 255 255 255 255 255 255 255 237 165 82 32 53 127 207 255 255 
255 255 255 255 255 255 255 255 255 255 255 255 255 255 255 255 255 255 255 230 160 80 31 51 124 201 250 255 
255 255 255 255 255 255 255 255 255 255 255 255 255 255 255 253 240 220 199 168 115 55 20 49 123 200 248 255 
255 255 255 255 255 255 255 255 255 255 255 255 255 255 255 251 217 163 109 67 42 17 6 49 126 200 248 255 
255 255 255 255 255 255 255 255 255 255 255 255 255 255 255 249 201 126 53 9 12 24 39 85 150 210 249 255 
255 255 255 255 255 255 255 255 255 255 255 255 255 255 255 249 198 118 44 13 41 90 134 171 203 233 252 255 
255 255 255 255 255 255 255 255 255 255 255 255 255 255 255 249 199 119 49 29 75 151 217 244 248 252 255 255 
255 255 255 255 255 255 255 255 255 255 255 255 255 255 255 249 199 118 49 32 83 166 238 255 255 255 255 255 
255 255 255 255 255 255 255 255 255 255 255 255 255 255 255 249 199 119 49 31 80 161 231 255 255 255 255 255 
255 255 255 255 255 255 255 255 255 255 255 255 255 255 255 249 199 119 49 31 80 160 230 255 255 255 255 255 
