255 255 255 254 185 75 30 104 212 255 255 255 255 255 255 255 255 255 255 255 255 255 255 255 255 255 255 255 
255 255 255 254 185 75 30 105 216 255 255 255 255 255 255 255 255 255 255 255 255 255 255 255 255 255 255 255 
255 255 255 254 185 75 30 104 213 255 255 255 255 255 255 255 255 255 255 255 255 255 255 255 255 255 255 255 
255 255 255 255 191 81 22 66 134 183 221 251 255 255 255 255 255 255 255 255 255 255 255 255 255 255 255 255 
255 255 253 250 185 82 10 11 23 79 172 244 255 255 255 255 255 255 255 255 255 255 255 255 255 255 255 255 
255 250 207 158 106 47 3 0 0 52 163 250 255 255 255 255 255 255 255 255 255 255 255 255 255 255 255 255 
243 218 138 48 12 5 0 0 0 55 154 232 243 243 245 250 254 255 255 255 255 255 255 255 255 255 255 255 
123 108 62 10 0 0 0 0 0 28 78 117 123 123 150 207 255 255 255 255 255 255 255 255 255 255 255 255 
8 7 4 1 0 0 0 0 0 2 5 7 8 8 51 142 218 233 233 233 233 233 233 233 236 245 253 255 
0 0 0 0 0 0 0 0 0 0 0 0 0 0 5 49 87 97 101 103 103 103 103 103 125 189 246 255 
34 31 18 5 0 0 3 15 29 34 34 34 34 34 35 35 34 23 8 0 1 1 1 1 32 119 196 221 
171 152 92 24 0 0 15 76 143 171 171 171 171 171 170 168 157 99 26 0 0 0 0 0 7 42 74 84 
255 230 138 36 0 0 22 114 216 255 255 255 255 255 255 255 249 183 98 43 23 4 0 0 0 0 0 0 
255 230 139 36 0 0 22 115 217 255 255 255 255 255 255 255 255 236 210 164 87 17 0 0 0 0 0 0 
255 227 137 35 0 0 22 113 213 255 255 255 255 255 255 255 252 233 209 164 87 17 0 0 6 33 58 66 
255 227 137 35 0 0 22 113 213 255 255 255 255 255 255 255 245 181 97 43 23 4 0 0 26 109 183 206 
255 226 134 30 0 0 22 113 214 255 255 255 255 255 255 255 248 162 52 0 0 0 24 61 108 180 244 255 
255 227 137 37 1 0 22 113 213 255 255 255 255 255 255 254 242 160 56 0 0 8 74 164 224 240 252 255 
255 238 184 124 75 30 25 109 213 255 255 255 255 255 241 197 152 94 28 11 54 98 156 223 255 255 255 255 
255 253 245 235 169 69 29 104 212 255 255 254 252 249 204 113 36 17 11 45 134 215 240 250 255 255 255 255 
255 255 255 255 189 72 22 98 210 255 255 255 211 158 103 43 0 34 91 146 201 252 255 255 255 255 255 255 
255 255 255 254 189 87 44 113 215 251 245 225 147 56 13 15 27 99 192 245 250 254 255 255 255 255 255 255 
255 255 255 254 224 176 156 192 244 230 168 111 60 8 13 78 138 187 236 255 255 255 255 255 255 255 255 255 
255 255 255 255 254 252 249 240 231 177 86 16 13 23 71 161 236 252 254 255 255 255 255 255 255 255 255 255 
255 255 255 255 255 255 247 188 121 69 24 1 56 127 181 221 255 255 255 255 255 255 255 255 255 255 255 255 
255 255 255 255 255 255 233 140 40 8 26 55 129 215 255 255 255 255 255 255 255 255 255 255 255 255 255 255 
255 255 255 255 255 255 233 134 37 33 109 179 214 245 255 255 255 255 255 255 255 255 255 255 255 255 255 255 
255 255 255 255 255 255 233 134 40 53 159 249 255 255 255 255 255 255 255 255 255 255 255 255 255 255 255 255 
