255 255 255 255 255 255 255 255 255 255 220 75 46 185 255 255 255 255 255 255 255 255 255 255 255 255 255 255 
255 255 255 255 255 255 255 255 255 255 220 75 46 185 255 255 255 255 255 255 255 255 255 255 255 255 255 255 
255 255 255 255 255 255 255 255 255 255 220 75 46 185 255 255 255 255 255 255 255 255 255 255 255 255 255 255 
255 255 255 255 255 255 255 255 255 255 220 79 27 113 190 239 255 255 255 255 255 255 255 255 255 255 255 255 
255 255 255 255 255 255 255 255 255 255 221 83 0 10 87 211 255 255 255 255 255 255 255 255 255 255 255 255 
255 255 255 255 255 255 255 255 255 255 221 84 0 0 66 206 255 255 255 255 255 255 255 255 255 255 255 255 
255 255 255 255 255 255 255 255 255 255 221 84 0 0 66 206 255 255 255 255 255 255 255 255 255 255 255 255 
255 255 255 255 255 255 255 255 255 255 221 84 0 0 66 206 255 255 255 255 255 255 255 255 255 255 255 255 
255 255 255 255 255 255 255 255 255 255 221 84 0 0 66 206 255 255 255 255 255 255 255 255 255 255 255 255 
255 255 255 255 255 255 255 255 255 255 221 84 0 0 66 206 255 255 255 255 255 255 255 255 255 255 255 255 
219 220 220 221 221 221 221 221 221 229 191 73 0 0 57 178 228 222 221 221 221 221 221 221 221 221 221 221 
75 78 82 84 84 84 84 84 84 87 73 28 0 0 22 68 87 84 84 84 84 84 84 84 84 84 84 84 
47 33 8 0 0 0 0 0 0 0 0 0 0 0 0 0 0 0 0 0 0 0 0 0 0 0 0 0 
190 132 31 0 0 0 0 0 0 0 0 0 0 0 0 0 0 0 0 0 0 0 0 0 0 0 0 0 
255 201 98 59 65 66 66 66 66 68 57 22 0 0 17 53 68 66 70 68 37 3 0 0 0 11 47 68 
255 241 214 204 206 206 206 206 206 213 178 68 0 0 53 166 213 207 213 202 109 10 0 0 0 35 147 211 
255 255 255 255 255 255 255 255 255 255 221 84 0 0 66 206 255 255 230 180 91 8 0 9 47 113 208 255 
255 255 255 255 255 255 255 255 255 255 221 84 0 0 66 206 255 255 167 53 11 2 0 25 139 227 249 255 
255 255 255 255 255 255 255 255 255 255 221 84 0 0 39 123 161 152 91 13 0 7 52 118 202 255 255 255 
255 255 255 255 255 255 255 255 255 255 221 84 0 0 6 18 23 22 16 9 0 23 133 232 253 255 255 255 
255 255 255 255 255 255 255 255 255 255 221 84 0 0 0 0 0 1 49 112 122 131 196 253 255 255 255 255 
255 255 255 255 255 255 255 255 255 255 221 84 0 0 0 0 0 16 109 224 251 244 250 255 255 255 255 255 
255 255 255 255 255 255 255 255 255 255 221 84 0 0 0 0 44 124 193 245 255 255 255 255 255 255 255 255 
255 255 255 255 255 255 255 255 255 255 221 84 0 0 4 19 102 221 255 255 255 255 255 255 255 255 255 255 
255 255 255 255 255 255 255 255 255 255 221 84 0 0 40 129 198 243 255 255 255 255 255 255 255 255 255 255 
255 255 255 255 255 255 255 255 255 255 220 82 3 22 99 215 255 255 255 255 255 255 255 255 255 255 255 255 
255 255 255 255 255 255 255 255 255 255 220 78 31 129 206 243 255 255 255 255 255 255 255 255 255 255 255 255 
255 255 255 255 255 255 255 255 255 255 220 75 46 185 255 255 255 255 255 255 255 255 255 255 255 255 255 255 
