0 28 118 220 255 255 255 255 255 255 255 255 255 255 255 255 255 255 255 255 255 255 255 255 255 255 255 255 
0 27 118 219 255 255 255 255 255 255 255 255 255 255 255 255 255 255 255 255 255 255 255 255 255 255 255 255 
0 20 114 218 255 255 255 255 255 255 255 255 255 255 255 255 255 255 255 255 255 255 255 255 255 255 255 255 
14 41 126 222 255 255 255 255 255 255 255 255 255 255 255 255 255 255 255 255 255 255 255 255 255 255 255 255 
108 124 176 235 255 255 255 255 255 255 255 255 255 255 255 255 255 255 255 255 255 255 255 255 255 255 255 255 
217 221 235 250 255 255 255 255 255 255 255 255 255 255 255 255 255 255 255 255 255 255 255 255 255 255 255 255 
255 255 255 255 255 255 255 255 255 255 255 255 255 255 255 255 255 255 255 255 255 255 255 255 245 215 188 180 
255 255 255 255 255 255 255 255 255 255 255 255 255 255 255 255 255 255 255 255 255 255 255 255 228 152 84 63 
255 255 255 255 255 255 255 255 255 255 255 255 255 255 255 255 255 255 255 255 255 255 255 255 225 139 63 39 
255 255 255 255 255 255 255 255 255 255 255 255 255 255 255 255 255 255 255 255 255 255 255 255 240 198 160 149 
255 255 255 255 255 255 255 255 255 255 255 255 255 255 255 255 255 255 255 255 255 255 255 255 251 240 230 227 
255 255 255 255 255 255 255 255 255 255 255 255 255 255 255 255 255 255 255 255 255 255 255 255 241 202 167 156 
255 255 255 255 255 255 255 255 255 255 255 255 255 255 255 255 255 255 255 255 255 255 255 255 225 139 63 39 
255 255 255 255 255 255 255 255 255 255 255 255 255 255 255 255 255 255 255 255 255 255 255 255 222 114 18 0 
255 255 255 255 255 255 255 255 255 255 255 255 255 255 255 255 255 255 255 255 255 255 255 255 224 116 19 0 
255 255 255 255 255 255 255 255 255 255 255 255 255 255 255 255 255 255 255 255 255 254 242 226 192 120 58 38 
255 255 255 255 255 255 255 255 255 255 255 255 255 255 255 255 255 255 255 255 255 250 203 142 114 124 142 147 
255 255 255 255 255 255 255 255 255 255 255 255 255 255 255 255 255 255 255 255 255 248 170 70 47 128 215 241 
255 255 255 255 255 255 255 255 255 255 255 255 255 255 255 255 255 255 255 255 255 253 165 48 23 125 232 255 
255 255 255 255 255 255 255 255 255 255 255 255 255 255 255 255 255 255 255 255 255 247 165 58 36 128 227 255 
255 255 255 255 255 255 255 255 255 255 255 255 255 255 255 255 255 255 255 243 213 187 140 94 96 163 234 255 
255 255 255 255 255 255 255 255 255 255 255 255 255 255 255 255 255 255 255 224 145 90 100 150 194 220 247 255 
255 255 255 255 255 255 255 255 255 255 255 255 255 255 255 255 255 255 255 212 104 30 75 185 254 255 255 255 
255 255 255 255 255 255 255 255 255 255 255 255 255 255 255 255 255 255 255 210 99 23 73 189 255 255 255 255 
255 255 255 255 255 255 255 255 255 255 255 255 255 255 255 255 255 255 255 212 104 30 75 185 254 255 255 255 
255 255 255 255 255 255 255 255 255 255 255 255 255 255 255 255 255 255 255 212 104 30 75 185 254 255 255 255 
255 255 255 255 255 255 255 255 255 255 255 255 255 255 255 255 255 255 255 212 104 30 75 185 254 255 255 255 
255 255 255 255 255 255 255 255 255 255 255 255 255 255 255 255 255 255 255 212 104 30 75 185 254 255 255 255 
