255 255 255 255 255 255 255 255 255 255 241 147 38 0 0 38 147 241 255 255 255 255 255 255 255 255 255 255 
255 255 255 255 255 255 255 255 255 255 241 147 38 0 0 38 147 241 255 255 255 255 255 255 255 255 255 255 
255 255 255 255 255 255 255 255 255 255 241 147 38 0 0 38 147 241 255 255 255 255 255 255 255 255 255 255 
255 255 255 255 255 255 255 255 255 255 247 151 39 0 0 39 151 247 255 255 255 255 255 255 255 255 255 255 
251 251 251 251 251 251 251 251 251 251 237 145 37 0 0 37 145 237 251 251 251 251 251 253 255 255 255 255 
134 134 134 134 134 134 136 140 142 142 134 82 21 0 0 21 82 134 142 142 142 142 160 212 255 255 255 255 
28 28 28 28 28 28 25 20 17 17 16 10 2 0 0 2 10 16 17 17 17 17 50 147 230 243 243 243 
124 124 124 124 124 124 85 21 0 0 0 0 0 0 0 0 0 0 0 0 0 0 2 58 107 118 121 123 
247 247 247 247 247 247 185 84 22 22 21 12 3 5 15 22 22 22 22 22 22 22 23 27 28 20 11 8 
255 255 255 255 255 255 232 182 152 152 144 83 23 38 107 152 152 152 152 152 152 152 152 153 145 83 16 0 
255 255 255 255 255 255 255 254 254 254 239 138 37 62 179 254 254 254 254 254 254 254 249 234 209 122 32 0 
255 255 255 255 255 255 255 255 255 255 246 139 32 58 182 255 255 255 255 255 255 255 236 162 94 47 6 0 
255 255 255 255 255 255 255 255 255 255 244 162 80 100 195 255 255 255 255 255 255 255 218 105 14 18 41 49 
255 255 255 255 255 255 255 255 255 255 251 225 199 205 236 255 255 255 255 255 255 255 221 101 21 74 159 189 
255 255 255 255 255 255 255 255 255 255 255 255 255 255 255 255 255 255 255 255 237 207 160 73 25 108 222 255 
255 255 255 255 255 255 255 255 255 255 255 255 255 255 255 255 255 255 255 255 198 106 42 19 17 112 219 255 
255 255 255 255 255 255 255 255 255 255 255 255 255 255 255 255 255 255 255 255 187 66 0 0 8 109 216 255 
255 255 255 255 255 255 255 255 255 255 255 255 255 255 255 255 255 255 254 254 183 69 0 0 15 113 217 255 
255 255 255 255 255 255 255 255 255 255 255 255 255 255 255 255 255 249 211 167 110 42 15 59 106 170 232 255 
255 255 255 255 255 255 255 255 255 255 255 255 255 255 255 255 255 242 156 56 16 6 35 135 221 243 252 255 
255 255 255 255 255 255 255 255 255 255 255 255 255 255 255 255 255 240 143 30 0 0 39 152 249 255 255 255 
255 255 255 255 255 255 255 255 255 255 255 255 255 255 255 255 255 241 147 38 0 0 38 147 241 255 255 255 
255 255 255 255 255 255 255 255 255 255 255 255 255 255 255 255 255 241 147 38 0 0 30 143 240 255 255 255 
255 255 255 255 255 255 255 255 255 255 255 255 255 255 255 255 255 241 146 38 7 20 62 159 242 255 255 255 
255 255 255 255 255 255 255 255 255 255 255 255 255 255 255 255 255 241 142 38 40 114 176 216 250 255 255 255 
255 255 255 255 255 255 255 255 255 255 255 255 255 255 255 255 255 241 139 38 63 181 255 255 255 255 255 255 
255 255 255 255 255 255 255 255 255 255 255 255 255 255 255 255 255 241 139 38 64 184 255 255 255 255 255 255 
255 255 255 255 255 255 255 255 255 255 255 255 255 255 255 255 255 241 139 38 63 180 255 255 255 255 255 255 
