255 191 58 56 190 255 255 255 255 255 255 255 255 255 255 255 255 255 255 255 255 255 255 255 255 255 255 255 
255 191 58 56 190 255 255 255 255 255 255 255 255 255 255 255 255 255 255 255 255 255 255 255 255 255 255 255 
255 191 58 56 190 255 255 255 255 255 255 255 255 255 255 255 255 255 255 255 255 255 255 255 255 255 255 255 
255 191 58 56 190 255 255 255 255 255 255 255 255 255 255 255 255 255 255 255 255 255 255 255 255 255 255 255 
255 191 58 56 190 255 255 255 255 255 255 255 255 255 255 255 255 255 255 255 255 255 255 254 252 252 254 255 
255 197 60 57 196 255 255 255 255 255 255 255 255 255 255 255 255 255 255 255 255 255 255 232 169 170 233 255 
243 182 56 53 181 243 243 243 243 243 243 243 243 243 243 243 243 243 243 243 243 243 243 185 66 68 186 243 
123 92 28 27 91 123 123 123 123 123 123 123 123 123 123 123 123 123 123 123 123 123 123 89 20 21 90 123 
8 6 2 2 6 8 8 8 8 8 8 8 8 8 8 8 8 8 8 8 8 8 8 6 2 2 6 8 
0 0 0 0 0 0 0 0 0 0 0 0 0 0 0 0 0 0 0 0 0 0 0 0 0 0 0 0 
34 26 9 0 0 0 0 0 0 0 0 0 0 0 0 7 26 34 34 35 35 27 9 0 0 8 26 34 
171 131 43 0 0 0 0 0 0 0 0 0 0 0 0 35 128 171 171 173 178 136 43 0 0 37 129 171 
255 197 65 0 0 12 37 49 49 49 49 49 49 49 49 100 208 255 255 248 222 159 50 12 37 102 209 255 
255 198 65 0 0 46 144 189 189 189 189 189 189 189 189 206 242 255 255 219 117 53 17 46 144 207 243 255 
255 195 64 0 0 60 197 255 255 255 255 255 255 255 255 255 255 242 206 142 41 0 0 60 197 255 255 255 
255 195 64 0 0 60 195 255 255 255 255 255 255 255 255 255 255 208 100 37 10 0 0 60 195 255 255 255 
255 194 62 18 62 125 214 255 255 255 255 255 255 255 255 239 193 126 30 0 0 16 62 125 214 255 255 255 
255 192 59 48 164 229 247 255 255 255 255 255 255 255 254 201 87 26 8 0 1 54 168 229 247 255 255 255 
255 191 58 58 197 255 255 255 255 255 255 255 255 236 179 111 24 12 74 103 103 142 225 255 255 255 255 255 
255 191 58 56 190 255 255 255 255 255 255 253 249 193 76 18 11 62 179 233 233 239 250 255 255 255 255 255 
255 189 52 49 187 255 255 255 255 255 255 232 164 96 19 16 89 157 230 255 255 255 255 255 255 255 255 255 
255 195 71 68 194 255 255 255 255 251 242 184 67 13 15 71 188 246 252 255 255 255 255 255 255 255 255 255 
255 227 168 167 226 255 255 255 255 226 142 74 12 21 104 171 234 255 255 255 255 255 255 255 255 255 255 255 
255 254 252 252 254 255 255 248 233 179 79 31 29 82 197 252 254 255 255 255 255 255 255 255 255 255 255 255 
255 255 255 255 255 255 255 211 122 97 135 157 160 186 238 255 255 255 255 255 255 255 255 255 255 255 255 255 
255 255 255 244 221 221 244 200 88 89 201 255 255 255 255 255 255 255 255 255 255 255 255 255 255 255 255 255 
255 255 255 208 112 112 208 235 194 196 239 255 255 255 255 255 255 255 255 255 255 255 255 255 255 255 255 255 
255 255 255 188 50 50 188 255 255 255 255 255 255 255 255 255 255 255 255 255 255 255 255 255 255 255 255 255 
