255 255 255 255 255 255 255 255 255 251 155 40 68 197 255 255 255 255 255 255 255 255 255 255 255 255 255 255 
255 255 255 255 255 255 255 255 255 251 158 41 37 108 167 222 255 255 255 255 255 255 255 255 255 255 255 255 
255 255 255 255 255 255 255 255 255 251 162 42 1 2 60 181 255 255 255 255 255 255 255 255 255 255 255 255 
255 255 255 255 255 255 255 255 255 251 162 42 0 0 54 179 255 255 255 255 255 255 255 255 255 255 255 255 
255 255 255 255 255 255 255 255 255 255 166 43 0 0 57 180 255 255 255 255 255 255 255 255 255 255 255 255 
255 255 255 253 244 237 236 236 236 232 150 38 0 0 57 180 255 255 255 255 255 255 255 255 255 255 255 255 
255 255 255 238 154 85 79 79 79 78 50 13 0 0 59 186 255 255 255 255 255 255 255 255 255 255 255 255 
170 170 170 145 61 0 0 0 0 0 0 0 0 0 39 124 190 229 255 255 255 255 255 255 255 231 192 176 
29 29 29 26 18 10 10 10 10 10 6 2 0 0 4 13 56 162 241 245 245 245 245 245 244 167 62 19 
150 150 150 151 154 157 157 157 157 154 99 26 0 0 0 0 1 50 87 89 89 89 89 93 96 59 6 0 
255 255 255 255 255 255 255 255 255 255 166 43 0 0 11 42 61 58 56 56 56 57 57 31 3 15 48 62 
255 255 255 255 255 255 255 255 255 251 162 42 1 2 53 159 224 223 223 223 223 222 214 125 30 69 179 224 
255 255 255 255 255 255 255 255 255 250 154 33 29 103 166 226 255 255 255 255 255 202 134 68 10 81 210 255 
255 255 255 255 255 255 255 255 255 251 173 78 101 207 255 255 255 255 250 230 198 108 17 17 39 118 215 255 
255 255 255 255 255 255 255 255 255 254 237 217 222 246 255 255 255 255 232 138 52 22 8 83 181 225 246 255 
255 255 255 255 255 255 255 255 255 255 255 255 255 255 255 255 255 255 226 108 4 0 7 107 229 255 255 255 
255 255 255 255 255 255 255 255 255 255 255 255 255 255 255 255 255 255 228 113 12 0 7 102 221 255 255 255 
255 255 255 255 255 255 255 255 255 255 255 255 255 255 255 255 255 255 232 115 12 0 2 99 220 255 255 255 
255 255 255 255 255 255 255 255 255 255 255 255 255 255 255 255 239 193 141 69 14 47 94 161 234 255 255 255 
255 255 255 255 255 255 255 255 255 255 255 255 255 255 255 255 215 100 12 4 16 118 224 249 254 255 255 255 
255 255 255 255 255 255 255 255 255 255 255 255 255 255 255 255 213 90 0 0 17 125 238 255 255 255 255 255 
255 255 255 255 255 255 255 255 255 255 255 255 255 255 255 255 214 94 3 0 12 120 233 255 255 255 255 255 
255 255 255 255 255 255 255 255 255 255 255 255 255 255 255 255 213 93 5 5 25 128 234 255 255 255 255 255 
255 255 255 255 255 255 255 255 255 255 255 255 255 255 255 255 212 88 21 83 156 204 247 255 255 255 255 255 
255 255 255 255 255 255 255 255 255 255 255 255 255 255 255 255 212 84 33 137 248 255 255 255 255 255 255 255 
255 255 255 255 255 255 255 255 255 255 255 255 255 255 255 255 212 84 32 135 244 255 255 255 255 255 255 255 
255 255 255 255 255 255 255 255 255 255 255 255 255 255 255 255 212 84 32 134 243 255 255 255 255 255 255 255 
255 255 255 255 255 255 255 255 255 255 255 255 255 255 255 255 212 84 32 134 243 255 255 255 255 255 255 255 
