0 7 52 123 200 249 255 255 255 255 255 255 255 255 255 255 255 255 255 255 255 255 255 255 255 255 255 255 
0 7 52 123 200 249 255 255 255 255 255 255 255 255 255 255 255 255 255 255 255 255 255 255 255 255 255 255 
0 7 52 123 200 249 255 255 255 255 255 255 255 255 255 255 255 255 255 255 255 255 255 255 255 255 255 255 
0 7 52 123 200 249 255 255 255 255 255 255 255 255 255 255 255 255 255 255 255 255 255 255 255 255 255 255 
0 7 52 123 200 249 255 255 255 255 255 255 255 255 255 255 255 255 255 255 255 255 255 255 255 255 255 255 
0 7 52 123 200 249 255 255 255 255 255 255 255 255 255 255 255 255 255 255 255 255 255 255 255 255 255 255 
0 7 52 123 200 249 255 255 255 255 255 255 255 255 255 255 255 255 255 255 255 255 255 255 255 255 255 255 
0 7 52 123 200 249 255 255 255 255 255 255 255 255 255 255 255 255 255 255 255 255 255 255 255 255 255 255 
0 0 46 119 198 249 255 255 255 255 255 255 255 255 255 255 255 255 255 255 255 255 255 255 255 255 255 255 
4 11 56 125 200 249 255 255 255 255 255 255 255 255 255 255 255 255 255 255 255 255 255 254 253 251 251 251 
93 98 127 171 220 251 255 255 255 255 255 255 255 255 255 255 255 255 255 255 255 255 255 239 207 177 158 155 
213 215 222 234 246 254 255 255 255 255 255 255 255 255 255 255 255 255 255 255 255 255 251 209 145 85 46 40 
255 255 255 255 255 255 255 255 255 255 255 255 255 255 255 255 255 255 255 248 227 204 185 154 119 89 70 67 
255 255 255 255 255 255 255 255 255 255 255 255 255 255 255 255 255 255 255 236 181 119 80 84 121 164 191 194 
255 255 255 255 255 255 255 255 255 255 255 255 255 255 255 255 255 255 255 232 159 75 24 45 121 202 253 255 
255 255 255 255 255 255 255 255 255 255 255 255 255 255 255 255 255 255 255 235 161 74 20 42 119 201 253 255 
255 255 255 255 255 255 255 255 255 255 255 255 255 255 255 254 246 233 221 197 147 93 63 84 145 209 249 255 
255 255 255 255 255 255 255 255 255 255 255 255 255 255 255 251 219 169 124 104 109 131 157 180 207 235 253 255 
255 255 255 255 255 255 255 255 255 255 255 255 255 255 255 249 200 121 52 34 81 159 226 251 253 254 255 255 
255 255 255 255 255 255 255 255 255 255 255 255 255 255 255 249 197 114 42 24 77 163 236 255 255 255 255 255 
255 255 255 255 255 255 255 255 255 255 255 255 255 255 255 249 199 119 49 31 80 160 230 255 255 255 255 255 
255 255 255 255 255 255 255 255 255 255 255 255 255 255 255 249 199 119 49 31 80 160 230 255 255 255 255 255 
255 255 255 255 255 255 255 255 255 255 255 255 255 255 255 249 199 119 49 31 80 160 230 255 255 255 255 255 
255 255 255 255 255 255 255 255 255 255 255 255 255 255 255 249 199 119 49 31 80 160 230 255 255 255 255 255 
255 255 255 255 255 255 255 255 255 255 255 255 255 255 255 249 199 119 49 31 80 160 230 255 255 255 255 255 
255 255 255 255 255 255 255 255 255 255 255 255 255 255 255 249 199 119 49 31 80 160 230 255 255 255 255 255 
255 255 255 255 255 255 255 255 255 255 255 255 255 255 255 249 199 119 49 31 80 160 230 255 255 255 255 255 
255 255 255 255 255 255 255 255 255 255 255 255 255 255 255 249 199 119 49 31 80 160 230 255 255 255 255 255 
