255 255 255 255 255 255 182 64 0 0 0 0 0 0 0 0 0 0 0 0 71 185 255 255 255 255 255 255 
255 247 225 210 224 247 198 105 49 49 49 49 49 49 49 49 49 46 25 5 67 183 255 255 255 255 255 255 
255 228 151 99 147 228 231 191 167 167 167 167 167 167 167 167 167 157 88 18 59 179 255 255 255 255 255 255 
255 222 125 60 120 221 255 254 254 254 254 254 254 254 254 254 254 241 154 67 89 190 255 255 255 255 255 255 
255 246 193 157 187 238 255 255 255 255 255 255 255 255 255 255 255 255 212 168 177 225 255 255 255 255 255 255 
233 235 241 247 250 254 255 255 255 255 255 255 255 255 255 255 255 255 251 248 249 253 255 255 255 255 255 255 
123 144 202 255 255 255 255 255 255 255 255 255 255 255 255 255 255 255 255 255 255 255 255 255 255 255 255 255 
17 52 150 242 255 255 255 255 255 255 255 255 255 255 255 255 255 255 255 255 255 255 255 255 255 255 255 255 
0 24 140 248 255 255 255 255 255 255 255 255 255 255 255 255 255 255 255 255 255 255 255 255 255 255 255 255 
4 40 142 237 251 251 252 254 255 255 255 255 255 255 255 255 255 255 255 255 255 255 255 255 255 255 255 255 
93 103 132 158 162 162 189 234 255 255 255 255 255 255 255 255 255 255 255 255 255 255 255 255 255 255 255 255 
213 188 117 51 42 42 101 197 255 255 255 255 255 255 255 255 255 255 255 255 255 255 255 255 255 255 255 255 
255 222 108 3 0 0 40 127 180 180 185 214 248 255 255 255 255 255 255 255 255 255 255 255 255 225 192 180 
255 219 109 6 0 0 10 39 57 57 69 143 230 255 255 255 255 255 255 255 255 255 255 255 249 171 87 57 
255 226 144 68 57 57 39 10 0 0 3 79 167 198 198 198 198 198 198 198 197 195 194 194 183 107 24 0 
255 244 213 184 180 180 127 40 0 0 0 24 62 75 75 75 75 75 75 75 73 69 67 67 63 35 6 0 
255 255 255 255 255 255 197 101 42 42 39 23 4 0 0 0 0 0 0 0 9 28 40 40 38 23 6 0 
255 255 255 255 255 255 234 189 162 162 152 87 11 0 0 0 0 0 0 0 31 108 155 155 146 87 23 0 
255 255 255 255 255 255 254 252 251 251 238 156 61 28 28 28 28 28 28 28 89 189 251 251 237 140 37 0 
255 255 255 255 255 255 255 255 255 255 255 212 160 142 142 142 142 142 142 142 176 230 255 255 255 149 33 0 
255 255 255 255 255 255 255 255 255 255 254 250 245 243 243 243 243 243 243 243 246 252 252 245 227 140 49 17 
255 255 255 255 255 255 255 255 255 255 255 255 255 255 255 255 255 255 255 255 255 255 242 178 131 119 122 123 
255 255 255 255 255 255 255 255 255 255 255 255 255 255 255 254 251 248 247 247 247 247 214 113 53 111 202 233 
255 255 255 255 255 255 255 255 255 255 255 255 255 255 255 246 199 158 149 146 145 145 136 109 106 163 238 255 
255 255 255 255 255 255 255 255 255 254 254 254 254 254 254 221 127 47 35 36 36 36 63 140 211 234 250 255 
255 255 255 255 255 255 255 255 242 204 172 167 167 167 167 141 66 6 29 66 79 79 107 186 253 255 255 255 
255 255 255 255 255 255 255 255 224 136 60 49 49 49 49 41 19 12 85 173 204 204 212 235 254 255 255 255 
255 255 255 255 255 255 255 255 216 103 6 0 0 0 0 0 0 14 112 225 255 255 255 255 255 255 255 255 
