255 255 255 255 255 255 255 255 255 255 255 214 127 43 0 0 0 0 0 0 0 0 0 0 0 0 0 0 
255 255 255 255 255 246 233 221 217 216 215 174 103 34 0 0 0 0 0 0 0 0 0 0 0 0 0 0 
255 255 255 255 255 225 173 129 110 107 104 82 45 9 0 0 0 0 0 0 0 0 0 0 0 0 0 0 
255 254 251 246 235 182 106 39 17 22 26 26 21 16 14 14 14 14 14 14 14 14 14 14 14 14 14 14 
255 255 228 187 145 99 46 2 9 47 83 100 103 106 108 108 108 108 108 108 108 108 108 108 108 108 108 108 
255 244 193 121 55 28 14 6 47 120 186 216 216 217 217 217 217 217 217 217 217 217 217 217 217 217 217 217 
185 179 150 110 74 65 67 72 113 177 236 255 255 255 255 255 255 255 255 255 255 255 255 255 255 255 255 255 
70 76 102 138 171 181 183 185 202 227 250 255 255 255 255 255 255 255 255 255 255 255 255 255 255 255 255 255 
0 13 73 157 233 255 255 255 255 255 255 255 255 255 255 255 255 255 255 255 255 255 255 255 255 255 255 255 
0 6 69 159 239 255 255 255 255 255 255 255 255 255 255 255 255 255 255 255 255 255 255 255 255 255 255 255 
0 13 73 157 233 255 255 255 255 255 255 255 255 255 255 255 255 255 255 255 255 255 255 255 255 255 255 255 
0 13 73 157 233 255 255 255 255 255 255 255 255 255 255 255 255 255 255 255 255 255 255 255 255 255 255 255 
0 13 73 157 233 255 255 255 255 255 255 255 255 255 255 255 255 255 255 255 255 255 255 255 255 255 255 255 
0 13 74 160 237 255 255 255 255 255 255 255 255 255 255 255 255 255 255 255 255 255 255 255 255 255 255 255 
0 13 75 162 239 255 255 255 255 255 255 255 255 255 255 255 255 255 255 255 255 255 255 255 255 255 255 255 
0 10 61 134 199 227 240 251 255 255 255 255 255 255 255 255 255 255 255 255 255 255 255 255 255 255 255 255 
0 0 24 63 102 146 196 239 255 255 255 255 255 255 255 255 255 255 255 255 255 255 255 255 255 255 255 255 
14 14 14 14 22 76 157 229 255 255 255 255 255 255 255 255 255 255 255 255 255 255 255 255 255 255 255 255 
108 102 70 27 2 52 146 232 255 255 255 255 255 255 255 255 255 255 255 255 255 255 255 255 255 255 255 255 
217 206 151 75 25 59 145 227 255 255 255 255 255 255 255 255 255 255 255 255 255 255 255 255 255 255 255 255 
255 253 204 137 90 94 130 168 180 180 180 195 221 247 255 255 255 255 255 255 255 255 255 255 255 255 255 255 
255 255 237 211 187 151 110 76 63 63 63 101 166 230 255 255 255 255 255 255 255 255 255 255 255 255 255 255 
255 255 255 255 248 199 126 62 38 38 38 72 130 187 216 216 216 221 233 246 254 255 255 255 255 255 255 255 
255 255 255 255 255 231 189 153 139 139 139 131 118 105 99 99 99 120 168 220 253 255 255 255 255 255 255 255 
255 255 255 255 255 251 247 242 241 241 240 200 130 63 28 28 28 59 129 204 250 249 244 242 246 251 254 255 
255 255 255 255 255 255 255 255 255 255 255 233 180 129 103 103 103 124 170 221 240 206 169 156 182 221 249 255 
255 255 255 255 255 255 255 255 255 255 255 249 235 222 216 216 216 221 233 246 230 161 88 63 113 189 244 255 
255 255 255 255 255 255 255 255 255 255 255 255 255 255 255 255 255 255 255 255 226 140 52 21 82 175 242 255 
