255 255 255 255 255 255 255 255 255 255 164 42 0 0 0 0 0 0 0 0 17 125 237 255 255 255 255 255 
255 255 255 255 255 252 203 156 148 146 91 18 0 0 0 0 0 0 0 0 3 68 135 148 148 148 148 148 
255 252 244 238 238 220 129 42 28 28 24 18 17 17 17 17 17 17 17 17 17 22 27 28 28 28 28 28 
255 230 146 85 84 90 121 150 155 155 157 161 162 162 162 162 162 162 162 162 161 158 155 155 155 155 155 155 
194 167 101 52 52 70 160 247 255 255 255 255 255 255 255 255 255 255 255 255 255 255 255 255 255 255 255 255 
40 73 153 211 212 216 235 254 255 255 255 255 255 255 255 255 255 255 255 255 255 255 255 255 255 255 255 255 
104 134 209 255 255 255 255 255 255 255 255 255 255 255 255 255 255 255 255 255 255 255 255 255 255 255 255 255 
247 249 252 255 255 255 255 255 255 255 255 255 255 255 255 255 255 255 255 255 255 255 255 255 255 255 255 255 
255 255 255 255 255 255 255 255 255 255 255 255 255 255 255 255 255 255 255 255 255 255 255 255 255 255 255 255 
255 255 255 255 255 255 255 255 255 255 255 255 255 255 255 255 255 255 255 255 255 255 255 255 255 255 255 255 
255 255 255 255 255 255 255 255 255 255 255 255 255 255 255 255 255 255 255 255 255 255 255 255 255 255 255 255 
255 255 255 255 255 255 255 255 255 255 255 255 255 255 255 255 255 255 255 255 255 255 255 255 255 255 255 255 
227 232 246 255 255 255 255 255 255 255 255 255 255 255 255 255 255 255 255 255 255 255 255 255 255 255 255 255 
67 104 196 255 255 255 255 255 255 255 255 255 255 255 255 255 255 255 255 255 255 255 255 255 255 255 255 255 
67 87 135 186 224 255 255 255 255 255 255 255 255 255 255 255 255 255 255 255 255 255 255 225 191 203 240 255 
227 187 92 63 156 244 253 255 255 255 255 255 255 255 255 255 255 255 255 253 251 251 244 154 59 99 210 255 
255 236 168 123 109 127 187 254 255 255 255 255 255 255 255 255 255 255 248 180 121 114 110 61 9 78 204 255 
255 255 254 223 116 58 124 208 220 220 220 220 220 220 220 220 220 220 199 117 44 36 35 20 6 87 206 255 
255 255 255 249 213 177 117 67 59 59 59 59 59 59 59 59 59 59 73 129 179 185 179 105 26 82 205 255 
255 255 255 255 255 247 166 88 75 75 75 75 75 75 75 75 75 75 96 180 255 255 255 149 37 79 204 255 
255 255 255 255 255 253 244 234 233 233 233 233 233 233 233 233 233 233 235 245 254 255 247 145 36 79 204 255 
255 255 255 255 255 255 255 255 255 255 255 255 255 255 255 255 255 255 255 255 255 255 247 145 36 79 204 255 
255 255 255 255 255 255 255 255 255 255 255 255 255 255 255 255 255 255 255 255 255 255 249 145 34 78 204 255 
255 255 255 255 255 255 255 255 255 255 255 255 255 255 255 255 255 255 255 255 255 255 252 146 32 76 203 255 
162 162 162 162 162 162 162 162 162 162 162 162 162 162 162 162 162 162 172 217 244 207 162 122 102 144 223 255 
17 17 17 17 17 17 17 17 17 17 17 17 17 17 17 17 17 17 43 158 229 146 55 105 209 244 252 255 
0 0 0 0 0 0 0 0 0 0 0 0 0 0 0 0 0 0 22 143 236 204 161 191 246 255 255 255 
0 0 0 0 0 0 0 0 0 0 0 0 0 0 0 0 0 0 28 142 243 255 255 255 255 255 255 255 
