255 255 255 255 255 255 255 255 166 25 0 0 0 0 0 0 0 0 0 0 53 202 255 255 255 255 255 255 
255 255 255 255 248 159 103 103 64 6 67 139 143 143 143 143 143 143 128 44 14 80 103 107 184 255 255 255 
255 232 192 183 169 104 63 63 66 74 166 255 255 255 255 255 255 255 244 137 69 65 63 66 119 185 228 255 
255 174 38 21 49 167 241 241 241 241 248 255 255 255 255 255 255 255 254 246 241 241 241 236 127 56 173 255 
255 166 20 77 183 232 255 255 255 255 255 255 255 255 255 255 255 255 255 255 255 255 255 255 217 189 228 255 
147 130 115 181 255 255 255 255 255 255 255 255 255 255 255 255 255 255 255 255 255 255 255 255 255 255 255 255 
0 86 230 255 255 255 255 255 255 255 255 255 255 255 255 255 255 255 255 255 255 255 255 255 255 255 255 255 
0 85 231 255 255 255 255 255 255 255 255 255 255 255 255 255 255 255 255 255 255 255 255 255 255 255 255 255 
0 86 230 255 255 255 255 255 255 255 255 255 255 255 255 255 255 255 255 255 255 255 255 255 255 255 255 255 
0 86 230 255 255 255 255 255 255 255 255 255 255 255 255 255 255 255 255 255 255 255 255 255 255 255 255 255 
0 86 230 255 255 255 255 255 255 255 255 255 255 255 255 255 255 255 255 255 255 255 255 255 255 255 255 255 
0 86 230 255 255 255 255 255 255 255 255 255 255 255 255 255 255 255 255 255 255 255 255 255 255 255 255 255 
0 83 236 255 255 255 255 255 255 255 255 255 255 255 255 255 255 255 255 255 255 255 255 255 255 255 255 255 
38 97 200 235 255 255 255 255 255 255 255 255 255 255 255 255 255 255 255 255 255 255 255 255 255 251 230 217 
217 152 61 139 250 255 255 255 255 255 255 255 255 255 255 255 255 255 255 255 255 255 255 255 255 234 111 38 
255 166 13 42 119 204 255 255 255 255 255 255 255 255 255 255 255 255 255 255 255 255 255 255 255 228 74 0 
255 193 86 27 16 164 255 255 255 255 255 255 255 255 255 255 255 255 255 255 255 255 255 255 255 237 132 70 
255 250 237 120 42 156 244 252 255 255 255 255 255 255 255 255 255 255 255 255 255 255 255 255 255 254 246 241 
255 255 255 220 174 97 101 219 255 255 255 255 255 255 255 255 255 255 255 255 255 255 255 255 255 255 255 255 
255 255 255 255 248 151 103 127 176 244 255 255 255 255 255 255 255 255 255 255 230 161 176 244 255 255 255 255 
255 255 255 255 255 255 207 79 106 233 235 217 216 216 216 216 216 216 219 241 207 79 106 234 255 255 255 255 
255 255 255 255 255 255 248 224 228 246 146 43 38 38 38 38 38 38 59 180 246 223 228 251 255 255 255 255 
255 255 255 255 255 255 255 255 255 253 197 142 139 139 139 139 139 139 151 215 255 255 255 255 255 255 255 255 
255 255 255 255 255 255 255 255 255 255 255 255 255 255 255 255 255 255 255 255 255 255 255 255 255 255 255 255 
255 255 255 255 255 255 255 255 255 255 248 241 241 241 241 241 241 241 241 241 241 241 241 241 248 255 255 255 
255 255 255 255 255 255 255 255 255 255 166 75 70 70 70 70 70 70 70 70 70 70 68 68 159 250 255 255 
255 255 255 255 244 182 143 143 143 139 67 0 0 0 0 0 0 0 0 0 0 0 30 96 179 251 255 255 
255 255 255 255 230 89 0 0 0 0 0 0 0 0 0 0 0 0 0 0 0 0 89 230 255 255 255 255 
