255 255 255 255 248 231 208 180 150 118 87 59 37 25 24 36 57 84 115 146 176 203 225 242 253 255 255 255 
182 182 182 182 177 170 160 148 134 121 108 98 90 88 92 102 117 136 157 179 200 218 234 246 254 255 255 255 
43 43 43 44 51 62 75 90 108 126 146 165 183 199 210 219 223 227 232 237 242 246 250 253 255 255 255 255 
0 0 0 0 5 21 43 69 98 128 160 190 218 240 255 255 255 255 255 255 255 255 255 255 255 255 255 255 
0 0 0 1 12 28 48 72 99 128 158 186 212 233 248 255 255 255 255 255 255 255 255 255 255 255 255 255 
0 0 0 2 13 28 49 73 99 128 157 186 212 233 247 255 255 255 255 255 255 255 255 255 255 255 255 255 
0 0 0 2 13 28 49 73 99 128 157 186 212 233 247 255 255 255 255 255 255 255 255 255 255 255 255 255 
0 0 0 2 13 28 49 73 99 128 157 186 212 233 247 255 255 255 255 255 255 255 255 255 255 255 255 255 
0 0 0 2 13 28 49 73 99 128 157 186 212 233 247 255 255 255 255 255 255 255 255 255 255 255 255 255 
0 0 0 2 13 28 49 73 99 128 157 186 212 233 247 255 255 255 255 255 255 255 255 255 255 255 255 255 
0 0 0 2 13 28 49 73 99 128 157 186 212 233 247 255 255 255 255 255 255 255 255 255 255 255 255 255 
0 0 0 2 13 28 49 73 99 128 157 186 212 233 247 255 255 255 255 255 255 255 255 255 255 255 255 255 
0 0 0 0 11 26 47 71 99 128 158 187 214 235 249 255 255 255 255 255 255 255 255 255 255 255 255 255 
0 0 0 0 7 23 44 70 98 128 159 189 216 238 253 255 255 255 255 255 255 255 255 255 255 255 255 255 
66 66 66 67 72 79 88 98 110 123 137 151 165 177 187 196 202 209 217 226 234 241 247 251 255 255 255 255 
206 206 206 205 198 188 173 156 138 118 100 84 72 66 69 80 97 119 143 168 191 213 231 245 254 255 255 255 
255 255 255 255 254 242 226 207 185 163 141 122 106 97 97 105 119 138 159 180 200 219 235 246 254 255 255 255 
255 255 255 255 254 252 249 245 241 237 232 228 226 224 224 225 228 232 236 240 244 248 251 253 255 255 255 255 
255 255 255 255 255 255 255 255 255 255 255 255 255 255 255 255 255 255 255 255 255 255 255 255 255 255 255 255 
255 255 255 255 255 255 255 255 255 255 255 255 255 255 255 255 255 255 255 255 255 255 255 255 255 255 255 255 
255 255 255 255 255 255 255 255 255 255 255 255 255 255 255 255 255 255 255 255 255 255 255 255 255 255 255 255 
255 255 255 255 255 255 255 255 255 255 255 255 255 255 255 255 255 255 255 255 255 255 255 255 255 255 255 255 
255 255 255 255 255 255 255 255 255 255 255 255 255 255 255 255 255 255 255 255 255 255 255 255 255 255 255 255 
255 255 255 255 255 255 255 255 255 255 255 255 255 255 253 251 248 245 241 238 235 232 230 228 227 227 227 227 
255 255 255 255 255 255 255 255 255 255 255 255 255 255 248 234 215 195 175 154 135 119 104 93 85 84 84 84 
212 212 212 212 212 212 212 212 212 212 212 212 212 207 197 183 166 147 127 108 90 74 61 50 43 42 42 42 
73 73 73 73 73 73 73 73 73 73 73 73 73 76 82 90 101 113 125 137 148 158 166 172 177 178 178 178 
0 0 0 0 0 0 0 0 0 0 0 0 0 2 16 39 66 96 127 157 185 211 232 248 255 255 255 255 
