255 255 255 255 255 255 255 255 255 255 255 255 255 255 255 255 255 255 255 255 255 231 178 118 62 21 0 0 
255 255 255 255 255 255 255 255 255 255 255 255 255 255 255 255 254 245 234 222 210 181 139 92 49 16 0 0 
255 255 255 255 255 255 255 255 255 255 255 255 255 255 255 255 250 221 182 142 108 79 59 39 21 7 0 0 
255 255 255 255 255 255 255 255 255 255 255 255 250 242 234 227 206 168 119 70 28 3 1 0 0 0 0 0 
255 255 255 255 255 255 255 255 255 255 255 255 236 202 165 132 101 76 52 27 6 0 0 0 0 0 0 0 
255 255 255 255 255 255 255 253 248 243 239 226 193 146 95 48 16 6 4 2 1 3 7 12 17 20 22 22 
255 255 255 255 255 255 255 247 220 188 157 128 99 72 42 15 0 0 0 0 0 9 37 69 99 121 132 132 
255 255 254 252 250 247 242 216 173 121 71 33 14 10 6 3 2 3 6 8 13 40 86 138 185 221 238 238 
255 255 246 228 205 179 155 125 95 61 27 2 0 0 0 0 1 21 48 75 100 130 162 197 229 252 255 255 
255 255 237 201 154 102 56 27 19 12 6 2 0 1 2 4 21 58 107 158 200 228 236 243 249 253 255 255 
255 255 241 198 141 79 25 0 0 0 0 0 11 32 55 76 102 135 172 211 243 255 255 255 255 255 255 255 
255 255 236 195 141 82 30 0 0 0 0 7 37 81 131 175 208 224 233 243 251 255 255 255 255 255 255 255 
180 180 166 137 98 55 19 6 20 38 55 76 108 147 190 229 255 255 255 255 255 255 255 255 255 255 255 255 
57 57 52 43 29 15 5 20 58 104 149 185 208 221 235 248 255 255 255 255 255 255 255 255 255 255 255 255 
0 0 0 10 23 37 52 81 120 167 211 245 255 255 255 255 255 255 255 255 255 255 255 255 255 255 255 255 
0 0 9 39 77 120 158 188 205 223 241 254 255 255 255 255 255 255 255 255 255 255 255 255 255 255 255 255 
0 0 20 60 114 173 224 253 255 255 255 255 255 255 255 255 255 255 255 255 255 255 255 255 255 255 255 255 
0 0 20 62 117 177 229 255 255 255 255 255 255 255 255 255 255 255 255 255 255 255 255 255 255 255 255 255 
0 0 20 60 114 172 223 252 255 255 255 255 255 255 255 255 255 255 255 255 255 255 255 255 255 255 255 255 
0 0 20 60 114 172 223 252 255 255 255 255 255 255 255 255 255 255 255 255 255 255 255 255 255 255 255 255 
0 0 20 60 114 172 223 252 255 255 255 255 255 255 255 255 255 255 255 255 255 255 255 255 255 255 255 255 
0 0 20 60 114 172 223 252 255 255 255 255 255 255 255 255 255 255 255 255 255 255 255 255 255 255 255 255 
0 0 20 60 114 172 223 252 255 255 255 255 255 255 255 255 255 255 255 255 255 255 255 255 255 255 255 255 
0 0 20 60 114 172 223 252 255 255 255 255 255 255 255 255 255 255 255 255 255 255 255 255 255 255 255 255 
0 0 20 60 114 172 223 252 255 255 255 255 255 255 255 255 255 255 255 255 255 255 255 255 255 255 255 255 
0 0 20 60 114 172 223 252 255 255 255 255 255 255 255 255 255 255 255 255 255 255 255 255 255 255 255 255 
0 0 20 60 114 172 223 252 255 255 255 255 255 255 255 255 255 255 255 255 255 255 255 255 255 255 255 255 
0 0 20 60 114 172 223 252 255 255 255 255 255 255 255 255 255 255 255 255 255 255 255 255 255 255 255 255 
