255 255 255 255 255 255 255 255 255 255 255 255 255 255 255 255 255 254 220 155 84 36 37 89 158 219 253 255 
255 255 255 255 255 255 255 255 255 255 255 255 255 255 255 255 255 254 220 156 85 37 38 90 159 220 253 255 
255 255 255 255 255 255 255 255 255 255 255 255 255 255 255 255 255 254 224 168 107 65 66 111 171 224 254 255 
255 255 255 255 255 255 255 255 255 255 255 255 255 255 255 255 255 254 232 190 145 113 114 148 193 232 254 255 
255 255 255 255 255 255 255 255 255 255 255 255 255 255 255 255 255 254 241 217 190 171 172 191 218 241 254 255 
255 255 255 255 255 255 255 255 255 255 255 255 255 255 255 255 255 255 250 241 231 225 225 232 242 250 255 255 
255 255 255 255 255 255 255 255 255 255 255 255 255 255 255 255 255 255 255 254 254 254 254 254 254 255 255 255 
255 255 255 255 255 255 255 255 255 255 255 255 255 255 255 255 255 255 255 255 255 255 255 255 255 255 255 255 
255 255 255 255 255 255 255 255 255 255 255 255 255 255 255 255 255 255 255 255 255 255 255 255 255 255 255 255 
255 255 255 255 255 255 255 255 255 255 255 255 255 255 255 255 255 255 255 255 255 255 255 255 255 255 255 255 
255 255 255 255 255 255 255 255 255 255 255 255 255 255 255 255 255 255 255 255 255 255 255 255 255 255 255 255 
255 255 255 255 255 255 255 255 255 255 255 255 255 255 255 255 255 255 255 255 255 255 255 255 255 255 255 255 
255 255 255 255 255 255 255 255 255 255 255 255 255 255 255 255 255 255 255 255 255 255 255 255 255 255 255 255 
255 255 255 255 255 255 255 255 255 255 255 255 255 255 255 255 255 255 255 255 255 255 255 254 254 254 254 254 
255 255 255 255 255 255 255 255 255 255 255 255 255 255 255 255 255 255 255 255 255 255 250 241 232 224 220 218 
255 255 255 255 255 255 255 255 255 255 255 255 255 255 255 255 255 255 255 255 255 254 241 217 190 168 156 149 
255 255 255 255 255 255 255 255 255 255 255 255 255 255 255 255 255 255 255 255 255 254 231 190 145 107 85 75 
255 255 255 255 255 255 255 255 255 255 255 255 255 255 255 255 255 255 255 255 255 254 225 171 113 65 37 24 
255 255 255 255 255 255 255 255 255 255 255 255 255 255 255 255 255 255 255 255 255 254 225 171 113 65 37 24 
255 255 255 255 255 255 255 255 255 255 255 255 255 255 255 255 255 255 255 255 255 254 231 190 145 107 85 75 
255 255 255 255 255 255 255 255 255 255 255 255 255 255 255 255 255 255 255 255 255 254 241 217 190 168 156 149 
254 254 254 254 254 254 254 254 254 254 254 254 254 254 254 254 254 254 254 255 255 255 250 241 232 224 220 218 
220 220 220 220 220 220 220 220 220 220 220 220 220 220 220 219 218 220 224 233 242 250 255 255 255 254 254 254 
157 157 157 157 157 157 157 157 157 157 157 157 157 157 157 155 154 158 171 193 219 242 254 255 255 255 255 255 
90 90 90 90 90 90 90 90 90 90 90 90 90 90 89 86 84 91 112 151 195 233 254 255 255 255 255 255 
35 35 35 35 35 35 35 35 35 35 35 35 35 35 34 29 27 36 64 115 174 225 254 255 255 255 255 255 
2 2 2 2 2 2 2 2 2 2 2 2 2 2 0 0 0 3 36 94 162 221 254 255 255 255 255 255 
0 0 0 0 0 0 0 0 0 0 0 0 0 0 0 0 0 1 34 93 162 221 254 255 255 255 255 255 
