255 255 255 255 255 255 255 255 255 255 240 215 180 141 99 59 25 0 0 0 0 0 0 0 0 0 0 0 
255 255 255 255 255 255 255 255 255 255 240 216 183 144 104 65 32 8 0 0 0 0 0 0 0 0 0 0 
255 255 255 255 255 255 255 255 255 255 241 218 187 151 113 77 45 22 9 9 9 9 9 9 9 9 9 9 
255 255 255 255 255 255 255 255 255 255 243 222 194 162 128 95 67 47 35 35 35 35 35 35 35 35 35 35 
255 255 255 255 255 255 255 255 255 255 245 228 205 178 150 123 100 83 73 73 73 73 73 73 73 73 73 73 
255 255 255 255 255 255 255 255 255 255 247 235 217 197 176 156 139 126 118 118 118 118 118 118 118 118 118 118 
255 255 255 255 255 255 255 255 255 255 250 242 231 218 204 191 180 172 167 167 167 167 167 167 167 167 167 167 
255 255 255 255 255 255 255 255 255 255 253 249 243 237 230 224 218 214 212 212 212 212 212 212 212 212 212 212 
255 255 255 255 255 255 255 255 255 255 254 253 252 250 248 246 245 244 243 243 243 243 243 243 243 243 243 243 
255 255 255 255 255 255 255 255 255 255 255 255 255 255 255 255 255 255 255 255 255 255 255 255 255 255 255 255 
255 255 255 255 255 255 255 255 255 255 255 255 255 255 255 255 255 255 255 255 255 255 255 255 255 255 255 255 
255 255 255 255 255 255 255 255 255 255 255 255 255 255 255 255 255 255 255 255 255 255 255 255 255 255 255 255 
255 255 255 255 255 255 255 255 255 255 255 255 255 255 255 255 255 255 255 255 255 255 255 255 255 255 255 255 
255 255 255 255 255 255 255 255 255 255 255 254 254 253 253 252 252 252 252 252 253 254 254 255 255 255 255 255 
255 255 255 255 255 255 255 255 255 255 253 251 247 242 238 234 231 230 231 234 238 243 247 251 253 255 255 255 
255 255 255 255 255 255 255 255 255 255 251 244 234 223 212 202 195 193 196 203 213 224 235 244 251 255 255 255 
255 255 255 255 255 255 255 255 255 255 249 236 220 200 181 164 152 148 153 166 183 202 220 236 248 255 255 255 
255 255 255 255 255 255 255 255 255 255 246 229 205 178 150 127 110 103 111 129 153 180 206 229 245 255 255 255 
255 255 255 255 255 255 255 255 255 255 244 223 194 160 127 97 77 69 78 100 130 163 195 223 243 255 255 255 
243 243 243 244 245 246 248 250 252 253 242 220 188 152 116 84 62 54 63 88 120 156 190 220 242 255 255 255 
212 212 212 215 218 224 230 236 243 248 241 222 192 158 124 94 73 65 74 97 128 162 194 222 242 255 255 255 
167 167 167 172 180 191 203 216 230 242 240 228 203 175 147 123 106 99 106 125 151 178 205 228 245 255 255 255 
118 118 118 126 139 155 174 195 216 234 240 235 218 198 177 160 147 142 148 161 180 200 219 235 248 255 255 255 
73 73 73 83 100 121 147 175 202 227 241 243 232 220 207 197 189 186 189 198 209 221 233 243 250 255 255 255 
35 35 35 48 67 94 125 158 191 221 241 249 245 239 233 228 225 223 225 229 234 239 245 249 253 255 255 255 
9 9 9 23 45 75 109 147 184 217 241 254 252 251 250 248 248 247 248 249 250 251 253 254 254 255 255 255 
0 0 0 9 32 63 100 140 180 215 241 255 255 255 255 255 255 255 255 255 255 255 255 255 255 255 255 255 
0 0 0 0 25 57 95 136 177 214 241 255 255 255 255 255 255 255 255 255 255 255 255 255 255 255 255 255 
