255 255 255 255 255 238 122 12 0 0 0 0 0 0 0 0 0 0 0 0 0 0 0 0 0 84 205 255 
255 242 197 163 163 157 123 91 86 86 86 86 86 86 86 86 86 86 86 86 86 86 86 86 87 144 223 255 
249 207 106 31 31 48 134 217 230 230 230 230 230 230 230 230 230 230 230 230 230 230 230 230 230 239 250 255 
119 119 119 118 119 131 194 254 255 255 255 255 255 255 255 255 255 255 255 255 255 255 255 255 255 255 255 255 
31 72 174 248 249 249 252 255 255 255 255 255 255 255 255 255 255 255 255 255 255 255 255 255 255 255 255 255 
160 179 226 255 255 255 255 255 255 255 255 255 255 255 255 255 255 255 255 255 255 255 255 255 255 255 255 255 
255 255 255 255 255 255 255 255 255 255 255 255 255 255 255 255 255 255 255 255 255 255 255 255 255 255 255 255 
255 255 255 255 255 255 255 255 255 255 255 255 255 255 255 255 255 255 255 255 255 255 255 255 255 255 255 255 
255 255 255 255 255 255 255 255 255 255 255 255 255 255 255 255 255 255 255 255 255 255 255 255 255 255 255 255 
255 255 255 255 255 255 255 255 255 255 255 255 255 255 255 255 255 255 255 255 255 255 255 255 255 255 255 255 
255 255 255 255 255 255 255 255 255 255 255 255 255 255 255 255 255 255 255 255 255 255 255 255 255 255 255 255 
255 255 255 255 255 255 255 255 255 255 255 255 255 255 255 255 255 255 255 255 255 255 255 255 255 255 255 255 
255 255 255 255 255 255 255 255 255 255 255 255 255 255 255 255 255 255 255 255 255 255 255 255 255 255 255 255 
255 255 255 255 255 255 255 255 255 255 255 255 255 255 255 255 255 255 255 255 255 255 255 255 255 255 255 255 
255 255 255 255 255 255 255 255 255 255 255 255 255 255 255 255 255 255 255 255 255 255 255 255 255 255 255 255 
255 255 255 255 255 255 255 255 255 255 255 255 255 255 255 255 255 255 255 255 255 255 255 255 255 255 255 255 
249 250 253 255 255 255 255 255 255 255 255 255 255 255 255 255 255 255 255 255 255 255 255 255 255 255 255 255 
119 146 214 255 255 255 255 255 255 255 255 255 255 255 255 255 255 255 255 255 255 255 255 255 255 255 255 255 
31 68 161 232 244 254 255 255 255 255 255 255 255 255 255 255 255 255 255 255 255 255 255 255 255 247 235 230 
160 143 102 104 179 250 255 255 255 255 255 255 255 255 255 255 255 255 255 255 255 255 255 255 255 201 115 80 
255 217 115 78 166 249 255 255 255 255 255 255 255 255 255 255 255 255 255 255 255 255 253 231 206 145 77 49 
255 246 217 207 231 253 255 255 255 255 255 255 255 255 255 255 255 255 255 255 255 255 249 166 77 94 168 199 
255 255 255 255 255 255 255 255 255 255 255 255 255 255 255 255 255 255 255 255 255 255 250 179 104 137 227 255 
255 255 255 255 255 255 255 255 255 255 255 255 255 255 255 255 255 255 255 255 255 255 254 244 233 238 250 255 
255 255 255 255 255 255 255 255 255 255 255 255 255 255 255 255 255 255 255 255 255 255 255 255 255 255 255 255 
255 255 255 255 255 255 255 254 244 233 230 230 237 249 255 255 255 255 255 255 255 255 255 255 255 255 255 255 
255 255 255 255 255 255 255 247 180 104 86 86 135 217 255 255 255 255 255 255 255 255 255 255 255 255 255 255 
255 255 255 255 255 255 255 243 140 23 0 0 71 196 255 255 255 255 255 255 255 255 255 255 255 255 255 255 
