0 0 0 27 66 114 164 210 243 255 255 255 255 255 255 255 255 255 255 255 255 255 255 255 255 255 255 255 
49 49 56 77 107 144 184 220 242 245 236 226 218 213 213 218 227 237 247 254 255 255 255 255 255 255 255 255 
167 167 170 179 192 208 225 240 240 221 189 155 126 109 110 129 159 194 228 252 255 255 255 255 255 255 255 255 
254 254 254 254 254 254 255 255 238 204 156 106 61 33 30 52 90 135 176 208 226 232 239 245 250 254 255 255 
255 255 255 255 255 255 255 255 238 203 156 105 57 23 9 18 37 60 81 103 129 155 184 212 234 250 255 255 
255 255 255 255 255 255 255 255 238 206 161 112 66 28 5 2 3 5 6 19 49 93 140 185 222 247 255 255 
255 255 255 255 255 255 255 255 238 206 162 113 66 27 2 0 0 0 0 0 30 79 133 184 226 254 255 255 
255 255 255 255 255 255 255 255 238 206 161 112 66 28 5 3 5 8 10 22 51 92 136 178 212 235 243 243 
255 255 255 255 255 255 255 255 238 203 155 104 57 23 10 22 45 70 90 106 118 127 133 136 139 141 142 142 
255 255 255 255 255 255 255 255 239 204 157 107 63 36 33 60 102 148 185 203 195 166 128 89 56 35 28 28 
255 255 255 255 255 255 255 255 244 222 191 159 131 114 115 136 168 203 232 240 219 176 123 72 29 0 0 0 
255 255 255 255 255 255 255 255 252 247 239 230 223 219 219 224 232 241 249 242 213 169 120 73 33 7 0 0 
255 255 255 255 255 255 255 255 255 255 255 255 255 255 255 255 255 255 255 244 212 167 118 72 35 9 0 0 
255 255 255 255 255 255 255 255 255 255 255 255 255 255 255 255 255 255 255 243 212 167 118 72 35 9 0 0 
255 255 255 255 255 255 255 255 255 255 255 255 255 255 255 255 255 255 255 243 212 167 118 73 35 9 0 0 
255 255 255 255 255 255 255 255 255 255 255 255 255 255 255 255 255 255 255 243 212 167 118 73 35 9 0 0 
255 255 255 255 255 255 255 255 255 255 255 255 255 255 255 255 255 255 255 245 213 168 118 72 33 7 0 0 
255 255 255 255 255 255 255 255 255 255 255 255 255 255 255 255 255 255 255 251 218 170 118 69 28 0 0 0 
255 255 255 255 255 255 255 255 255 255 255 255 255 255 252 247 242 236 232 220 193 158 119 84 55 35 28 28 
255 255 255 255 255 255 255 255 255 255 255 255 255 253 239 216 188 160 138 123 117 118 124 131 138 141 142 142 
255 255 255 255 255 255 255 255 255 255 255 255 255 251 228 188 140 92 56 39 50 84 128 173 211 235 243 243 
255 255 255 255 255 255 255 255 255 255 255 255 255 250 226 182 130 78 38 21 36 76 129 181 226 255 255 255 
255 255 255 255 255 255 255 255 255 255 255 255 255 251 227 185 134 84 46 28 42 79 128 178 219 247 255 255 
255 255 255 255 255 255 255 255 255 255 255 255 255 251 227 185 134 84 46 28 42 79 128 178 219 246 255 255 
255 255 255 255 255 255 255 255 255 255 255 255 255 251 227 185 134 84 46 28 42 79 128 178 219 246 255 255 
255 255 255 255 255 255 255 255 255 255 255 255 255 251 227 185 134 84 46 28 42 79 128 178 219 246 255 255 
255 255 255 255 255 255 255 255 255 255 255 255 255 251 227 185 134 84 46 28 42 79 128 178 219 246 255 255 
255 255 255 255 255 255 255 255 255 255 255 255 255 251 227 185 134 84 46 28 42 79 128 178 219 246 255 255 
