255 255 255 255 255 255 255 255 236 104 1 0 0 0 0 0 0 0 0 0 0 17 144 253 255 255 255 255 
255 255 255 255 255 209 149 141 129 57 0 0 0 0 0 0 0 0 0 0 0 2 75 139 141 162 228 255 
255 255 255 244 224 126 17 2 2 0 3 21 31 31 31 31 31 31 31 31 31 29 15 3 3 40 161 224 
255 255 255 188 82 33 0 0 0 0 21 128 193 193 193 193 193 193 193 193 193 180 80 0 0 7 43 62 
255 232 175 93 3 0 0 48 95 98 121 210 255 255 255 255 255 255 255 255 255 253 172 90 36 0 0 0 
236 172 48 13 18 19 30 136 238 245 246 252 255 255 255 255 255 255 255 255 255 254 250 219 90 0 0 0 
79 53 2 56 155 176 180 220 255 255 255 255 255 255 255 255 255 255 255 255 255 255 255 239 98 0 0 0 
0 17 65 147 243 255 255 255 255 255 255 255 255 255 255 255 255 255 255 255 255 255 213 158 64 0 0 0 
0 67 196 243 253 255 255 255 255 255 255 255 255 255 255 255 255 255 255 255 250 231 119 21 7 0 0 0 
0 77 226 255 255 255 255 255 255 255 255 255 255 255 255 255 255 255 255 255 184 99 39 0 0 0 0 0 
0 52 160 217 252 255 255 255 255 255 255 255 255 255 255 255 237 202 193 187 98 4 0 0 0 0 0 0 
3 11 26 112 228 252 252 252 252 252 252 252 252 252 252 252 179 61 31 30 16 1 0 0 0 0 0 0 
137 93 9 29 95 113 117 118 118 118 118 118 118 118 118 118 76 9 0 0 0 0 0 0 0 0 0 0 
255 197 81 44 42 22 0 0 0 0 0 0 0 0 0 0 0 0 17 41 46 44 21 1 0 8 32 45 
255 244 218 209 204 114 9 0 0 0 0 0 0 0 0 0 0 0 83 192 211 198 94 3 0 35 150 210 
255 255 255 255 255 199 127 118 118 118 118 118 118 118 118 118 118 118 177 248 208 143 65 1 0 38 187 255 
255 255 255 255 255 254 252 252 252 252 252 252 252 252 252 252 252 252 254 248 134 15 1 3 20 69 191 255 
255 255 255 255 255 255 255 255 255 255 255 255 255 255 255 255 255 255 255 253 134 9 0 21 123 204 237 255 
255 255 255 255 255 255 255 255 255 255 255 255 255 255 255 255 255 255 220 161 81 7 0 23 165 255 255 255 
255 255 255 255 255 255 255 255 255 255 255 255 255 255 255 255 249 237 145 29 5 2 11 44 169 255 255 255 
255 255 255 255 255 255 255 255 255 255 255 255 255 255 255 255 203 104 45 2 0 4 94 181 226 255 255 255 
255 255 255 255 255 255 255 255 255 255 255 255 255 255 239 192 115 17 0 0 35 87 182 255 255 255 255 255 
255 255 255 255 255 255 255 255 255 255 255 255 253 248 187 63 13 3 4 16 119 227 247 255 255 255 255 255 
255 255 255 255 255 255 255 255 255 255 255 255 232 141 71 13 0 0 58 146 207 255 255 255 255 255 255 255 
255 255 255 255 255 255 255 255 255 255 250 215 155 46 0 0 18 54 142 244 255 255 255 255 255 255 255 255 
255 255 255 255 255 255 255 254 252 252 222 104 25 7 0 2 76 194 237 253 255 255 255 255 255 255 255 255 
255 255 255 255 255 255 248 182 118 114 97 32 0 0 37 114 181 247 255 255 255 255 255 255 255 255 255 255 
255 255 255 255 255 255 243 121 5 0 0 0 0 0 67 208 255 255 255 255 255 255 255 255 255 255 255 255 
