255 255 255 255 255 255 255 193 62 0 0 0 0 0 0 0 0 0 0 62 193 255 255 255 255 255 255 255 
255 255 255 227 149 110 105 76 18 28 106 143 143 143 143 143 143 106 28 20 83 149 227 255 255 255 255 255 
255 242 204 137 36 6 45 65 69 117 216 255 255 255 255 255 255 216 117 50 8 36 137 203 242 255 255 255 
241 187 71 14 14 69 186 241 241 244 252 255 255 255 255 255 255 252 244 186 69 14 14 69 186 244 252 255 
70 51 9 36 137 203 242 255 255 255 255 255 255 255 255 255 255 255 255 242 203 139 41 13 52 117 211 255 
0 12 76 146 227 255 255 255 255 255 255 255 255 255 255 255 255 255 255 255 255 200 64 0 0 59 199 255 
38 89 200 255 255 255 255 255 255 255 255 255 255 255 255 255 255 255 255 255 255 195 62 0 0 54 165 216 
217 226 247 255 255 255 255 255 255 255 255 255 255 255 255 255 255 255 255 255 255 193 62 0 0 10 29 38 
255 255 255 255 255 255 255 255 255 255 255 255 255 255 255 255 255 255 255 227 146 82 26 0 0 35 106 139 
180 199 240 255 255 255 255 255 255 255 255 255 255 255 255 255 255 242 203 137 35 0 0 0 0 66 200 255 
28 78 187 241 241 241 241 241 241 241 241 241 241 241 241 241 241 186 69 14 14 11 4 0 0 64 195 255 
180 153 93 63 63 65 69 70 70 70 70 70 70 70 70 69 65 45 6 38 142 145 47 0 0 64 195 255 
255 225 140 99 99 71 11 0 0 0 0 0 0 0 0 11 71 101 106 148 230 204 66 0 0 59 193 255 
255 255 255 255 255 203 90 38 38 38 38 38 38 38 38 90 203 255 255 255 255 194 61 8 28 93 204 255 
255 255 255 255 255 247 227 217 217 217 217 217 217 217 217 227 247 255 255 255 255 190 56 47 162 227 246 255 
255 255 255 255 255 255 255 255 255 255 255 255 255 255 255 255 255 255 255 227 146 78 16 54 195 255 255 255 
255 255 255 255 255 255 255 255 255 255 255 255 255 255 255 255 255 238 202 138 39 12 52 115 211 255 255 255 
255 255 255 255 255 255 255 255 255 255 255 255 255 255 255 255 255 197 72 11 3 58 183 244 252 255 255 255 
255 255 255 255 255 255 255 255 255 255 255 255 255 255 255 255 255 198 60 0 0 57 195 255 255 255 255 255 
255 255 255 255 255 255 255 255 255 255 255 255 255 255 255 235 175 110 30 20 80 143 219 255 255 255 255 255 
255 255 255 255 255 255 255 255 255 255 255 255 255 247 227 164 51 8 28 90 203 255 255 255 255 255 255 255 
255 255 255 255 255 255 255 255 255 255 255 255 255 203 90 28 8 51 164 227 247 255 255 255 255 255 255 255 
255 255 255 255 255 255 255 255 255 255 255 227 146 78 13 23 108 175 235 255 255 255 255 255 255 255 255 255 
255 255 255 255 255 255 255 242 203 185 185 137 36 8 50 117 216 255 255 255 255 255 255 255 255 255 255 255 
255 255 255 255 255 252 244 186 69 14 14 14 14 69 186 244 252 255 255 255 255 255 255 255 255 255 255 255 
255 255 255 255 255 216 117 50 8 0 0 36 137 203 242 255 255 255 255 255 255 255 255 255 255 255 255 255 
255 255 255 228 170 106 28 20 83 112 112 149 227 255 255 255 255 255 255 255 255 255 255 255 255 255 255 255 
255 255 255 193 62 0 0 62 193 255 255 255 255 255 255 255 255 255 255 255 255 255 255 255 255 255 255 255 
