255 255 255 255 255 255 255 255 255 252 163 42 0 0 0 0 0 0 0 0 17 123 235 255 255 255 255 255 
255 255 255 255 255 252 193 136 127 125 80 21 0 0 0 0 0 0 0 0 0 56 115 127 128 174 238 255 
255 255 255 251 227 190 97 10 0 0 0 0 13 38 49 49 49 49 49 49 46 23 0 0 0 69 166 206 
255 255 254 224 123 38 16 1 0 0 1 1 66 171 221 221 221 221 221 221 206 115 19 0 0 11 28 34 
255 235 165 97 41 0 0 0 58 126 142 142 178 236 255 255 255 255 255 255 255 205 148 85 19 0 0 0 
198 159 65 0 0 2 28 63 147 238 255 255 255 255 255 255 255 255 255 255 255 255 252 155 35 0 0 0 
28 22 9 0 2 23 120 214 240 253 255 255 255 255 255 255 255 255 255 255 255 255 248 152 34 0 0 0 
0 0 0 13 87 156 209 255 255 255 255 255 255 255 255 255 255 255 255 255 255 255 247 152 34 0 0 0 
0 13 43 92 183 255 255 255 255 255 255 255 255 255 255 255 255 255 255 255 255 255 247 152 34 0 0 0 
0 44 153 235 246 255 255 255 255 255 255 255 255 255 255 255 255 255 255 255 255 255 247 152 34 2 6 8 
0 50 172 255 255 255 255 255 255 255 255 255 255 255 255 255 255 255 255 255 255 255 255 152 36 50 129 162 
0 45 169 255 255 255 255 255 255 255 255 255 255 255 255 255 255 255 255 255 255 222 181 102 25 84 211 255 
12 56 163 242 243 243 243 243 243 243 243 243 243 243 243 243 243 243 243 243 228 134 35 9 3 87 206 255 
171 153 108 76 75 75 75 75 75 75 75 75 75 75 75 75 75 75 75 75 70 36 1 0 0 88 207 255 
255 228 140 76 75 75 75 75 75 75 75 75 75 75 75 75 75 75 75 75 71 39 6 0 0 84 205 255 
255 253 247 243 243 243 243 243 243 243 243 243 243 243 243 243 243 243 243 243 227 126 21 6 14 99 210 255 
255 255 255 255 255 255 255 255 255 255 255 255 255 255 255 255 255 255 255 255 243 129 28 66 155 206 241 255 
255 255 255 255 255 255 255 255 255 255 255 255 255 255 255 255 255 255 255 255 244 127 31 97 227 255 255 255 
255 255 255 255 255 255 255 255 255 255 255 255 255 255 255 255 255 255 253 243 219 113 28 95 220 255 255 255 
255 255 255 255 255 255 255 255 255 255 255 255 255 255 255 255 255 255 234 149 70 32 13 101 220 255 255 255 
255 255 255 255 255 255 255 255 255 255 255 255 255 255 255 255 255 255 226 108 4 0 7 103 221 255 255 255 
255 255 255 255 255 255 255 255 255 255 255 255 255 255 255 255 255 255 227 113 12 0 7 103 221 255 255 255 
255 255 255 255 255 255 255 255 255 255 255 255 255 255 255 255 255 255 227 113 12 0 3 100 220 255 255 255 
255 255 255 255 255 255 255 255 255 255 255 255 255 255 255 255 255 255 227 109 19 50 107 170 236 255 255 255 
255 255 255 255 255 255 255 255 255 255 255 255 255 255 255 255 255 255 227 104 28 113 232 254 255 255 255 255 
255 255 255 255 255 255 255 255 255 255 255 255 255 255 255 255 255 255 227 103 29 115 235 255 255 255 255 255 
255 255 255 255 255 255 255 255 255 255 255 255 255 255 255 255 255 255 227 104 28 114 233 255 255 255 255 255 
255 255 255 255 255 255 255 255 255 255 255 255 255 255 255 255 255 255 227 104 28 114 233 255 255 255 255 255 
