255 255 255 255 255 255 255 255 238 201 150 96 49 21 22 52 101 158 211 250 255 255 255 255 255 255 255 255 
255 255 255 255 255 255 255 255 239 205 158 108 64 38 37 63 105 153 199 233 248 248 248 248 248 248 248 248 
255 255 255 255 255 255 255 255 242 214 175 135 99 77 72 86 111 142 172 193 203 203 203 203 203 203 203 203 
255 255 255 255 255 255 255 255 246 228 203 177 154 138 126 122 122 125 129 131 132 132 132 132 132 132 132 132 
255 255 255 255 255 255 255 255 251 244 233 222 212 203 185 161 134 107 83 65 55 55 55 55 55 55 55 55 
255 255 255 255 255 255 255 255 255 254 253 252 251 246 223 186 142 95 53 22 6 6 6 6 6 6 6 6 
255 255 255 255 255 255 255 255 255 255 255 255 255 255 239 198 147 94 45 9 0 0 0 0 0 0 0 0 
255 255 255 255 255 255 255 255 255 255 255 255 255 255 240 199 148 95 47 12 0 0 0 0 0 0 0 0 
255 255 255 255 255 255 255 255 255 254 253 252 251 246 222 185 139 91 48 16 0 0 0 0 0 0 0 0 
255 255 255 255 255 255 255 255 254 247 237 227 216 204 181 150 113 74 39 13 0 0 0 0 0 0 0 0 
255 255 255 255 255 255 255 255 255 238 214 188 163 140 116 95 71 47 25 8 0 0 0 0 0 0 0 0 
255 255 255 255 255 255 255 255 246 220 184 144 106 75 51 39 30 19 10 3 0 0 0 0 0 0 0 0 
230 230 230 230 230 230 230 230 215 187 148 105 64 30 9 4 3 2 1 2 4 9 13 18 21 24 25 25 
160 160 160 160 160 160 160 160 149 126 96 62 30 4 0 0 0 0 0 3 15 31 48 64 77 86 89 89 
80 80 80 80 80 80 80 80 74 62 45 27 9 0 0 0 0 0 0 7 28 58 89 119 144 161 166 166 
31 31 31 31 31 31 31 31 29 26 22 17 12 8 6 4 3 2 1 11 39 79 123 165 199 222 230 230 
49 49 49 49 49 49 49 49 49 50 50 51 52 52 47 39 28 18 10 16 43 88 137 185 224 251 255 255 
119 119 119 119 119 119 119 119 119 120 122 124 125 124 113 92 67 42 23 21 44 87 137 186 228 255 255 255 
199 199 199 199 199 199 199 199 199 199 200 201 201 198 179 146 106 67 36 25 43 82 132 181 222 249 255 255 
249 249 249 249 249 249 249 249 249 249 249 249 249 245 221 181 131 82 44 28 41 79 128 178 219 246 255 255 
255 255 255 255 255 255 255 255 255 255 255 255 255 255 239 194 140 86 43 24 36 75 125 175 218 246 255 255 
255 255 255 255 255 255 255 255 255 255 255 255 255 255 239 194 139 84 41 22 34 73 124 175 218 246 255 255 
255 255 255 255 255 255 255 255 255 254 253 252 251 246 222 182 134 86 50 34 47 84 131 179 220 247 255 255 
255 255 255 255 255 255 255 255 251 244 233 222 212 203 184 158 127 100 80 74 88 118 156 194 227 248 255 255 
255 255 255 255 255 255 255 255 246 228 203 177 154 138 126 120 118 121 127 137 152 170 194 218 238 251 255 255 
255 255 255 255 255 255 255 255 242 214 175 135 99 77 72 85 110 140 171 195 211 219 229 239 248 253 255 255 
255 255 255 255 255 255 255 255 239 205 158 108 64 38 37 63 104 153 199 233 249 250 252 253 254 255 255 255 
255 255 255 255 255 255 255 255 238 201 150 96 49 21 22 53 102 159 212 250 255 255 255 255 255 255 255 255 
