255 255 255 255 255 255 234 143 42 0 0 0 0 0 0 0 0 0 0 0 0 8 84 190 255 255 255 255 
255 255 255 254 222 169 119 67 13 22 78 122 128 128 128 128 122 78 22 0 0 3 42 94 145 200 249 255 
255 255 255 254 187 78 7 17 40 96 182 249 255 255 255 255 249 183 98 43 23 4 0 0 26 109 183 206 
255 255 255 254 186 77 27 90 183 229 243 254 255 255 255 255 254 243 228 184 97 19 0 0 4 18 30 34 
255 255 255 254 226 182 165 201 252 255 255 255 255 255 255 255 255 212 153 101 53 10 0 0 0 0 0 0 
255 255 255 255 241 218 201 197 195 194 194 194 194 194 194 194 185 120 37 0 0 0 0 0 0 0 0 0 
255 255 255 254 198 106 40 33 32 32 32 32 32 32 32 32 31 22 10 3 2 0 0 0 0 0 0 0 
255 255 255 254 226 181 148 145 145 145 145 145 145 145 145 145 145 147 150 127 67 13 0 0 0 0 0 0 
255 255 255 255 255 255 255 255 255 255 255 255 255 255 255 255 255 255 255 219 116 22 0 0 9 35 59 66 
255 255 255 255 255 255 255 255 255 255 255 255 255 255 255 255 255 255 255 214 113 22 0 0 32 125 207 233 
255 255 255 255 255 255 255 255 255 255 255 255 255 255 255 255 255 255 255 213 113 22 0 0 36 140 233 255 
255 255 255 255 255 255 255 255 255 255 255 255 255 255 255 255 255 255 255 218 115 22 0 0 35 137 227 255 
255 255 255 255 255 255 255 255 255 255 255 255 255 255 255 255 254 251 246 203 107 21 0 0 35 137 227 255 
255 255 255 255 255 255 255 255 255 255 255 255 255 255 255 255 247 192 122 70 37 7 0 0 28 133 226 255 
255 255 255 255 255 255 255 255 255 255 255 255 255 255 255 255 248 162 52 0 0 2 28 62 107 176 236 255 
255 255 255 255 255 255 255 255 255 255 255 255 255 255 252 245 228 151 54 0 0 7 80 180 243 249 254 255 
255 255 255 255 255 255 255 255 255 255 255 255 255 255 226 151 83 47 17 0 0 1 80 191 255 255 255 255 
255 255 255 255 255 255 255 255 255 255 255 249 217 180 129 60 2 0 0 10 49 90 147 213 254 255 255 255 
255 255 255 255 255 255 255 255 255 255 255 239 155 56 6 3 2 8 17 58 147 228 250 253 255 255 255 255 
255 255 255 255 255 255 255 255 255 255 255 244 154 47 0 0 9 69 147 201 228 253 255 255 255 255 255 255 
255 255 255 255 255 255 255 255 255 238 192 147 91 29 0 0 6 92 203 255 255 255 255 255 255 255 255 255 
255 255 255 255 255 255 253 243 232 177 86 15 2 0 5 16 37 111 204 255 255 255 255 255 255 255 255 255 
255 255 255 255 255 255 243 171 90 44 19 0 0 0 34 116 187 219 242 255 255 255 255 255 255 255 255 255 
255 255 255 255 232 182 133 75 15 0 0 0 41 89 142 203 254 255 255 255 255 255 255 255 255 255 255 255 
255 252 240 224 164 73 7 0 0 7 21 47 123 211 254 254 255 255 255 255 255 255 255 255 255 255 255 255 
255 235 161 78 35 12 0 0 0 44 129 199 227 248 255 255 255 255 255 255 255 255 255 255 255 255 255 255 
128 113 65 11 26 82 123 127 127 158 214 255 255 255 255 255 255 255 255 255 255 255 255 255 255 255 255 255 
0 0 0 1 66 172 249 255 255 255 255 255 255 255 255 255 255 255 255 255 255 255 255 255 255 255 255 255 
