255 255 255 255 255 255 255 255 233 103 1 0 0 0 0 0 0 0 0 0 0 0 0 28 162 255 255 255 
255 255 255 255 255 246 236 243 215 95 1 0 0 0 0 0 0 0 0 0 0 0 0 26 149 236 240 235 
255 255 255 255 253 213 166 163 147 65 1 0 0 0 0 0 0 0 0 0 0 0 0 17 102 161 163 160 
255 255 255 255 252 171 77 60 59 26 0 0 0 0 0 0 0 0 0 0 0 0 0 7 41 65 66 64 
255 255 255 250 224 125 16 0 4 19 31 32 31 31 31 31 32 31 18 3 0 0 0 0 1 2 3 3 
255 255 255 216 148 72 9 0 10 70 117 120 118 118 118 118 120 117 70 10 0 0 0 0 0 0 0 0 
255 255 255 179 67 18 3 0 18 125 209 215 210 210 210 210 215 209 125 18 0 0 0 0 0 0 0 0 
255 246 218 130 24 12 42 39 63 170 254 255 255 255 255 255 255 254 151 23 13 43 47 45 47 38 13 0 
255 218 141 66 15 56 128 138 147 207 254 255 255 255 255 255 255 254 148 26 57 131 142 138 142 114 39 0 
255 192 69 7 8 99 210 230 227 242 255 255 255 255 255 255 255 254 145 29 99 213 231 225 232 187 66 0 
255 181 43 8 58 149 242 255 255 255 255 255 255 255 255 255 255 254 145 30 114 243 255 255 255 222 117 56 
255 179 42 46 141 206 249 255 255 255 255 255 255 255 255 255 255 254 145 30 114 243 255 255 255 238 185 154 
251 174 48 84 211 253 254 255 255 255 255 255 255 255 255 255 255 245 138 29 114 243 255 255 255 252 241 235 
173 141 94 140 236 255 255 255 255 255 255 255 255 255 255 255 233 185 94 23 116 243 255 255 255 255 255 255 
68 99 158 208 247 255 255 255 255 255 255 255 255 255 255 255 199 103 33 15 120 243 255 255 255 255 255 255 
23 90 209 255 254 255 255 255 255 255 255 255 255 255 255 255 174 43 0 25 133 244 255 255 255 255 255 255 
85 136 227 255 255 255 255 255 255 255 255 255 255 255 255 255 169 35 26 94 177 248 255 255 255 255 255 255 
188 208 244 255 255 255 255 255 255 255 255 255 255 255 255 255 167 35 67 179 230 252 255 255 255 255 255 255 
252 253 255 255 255 255 255 255 255 255 255 255 255 255 250 232 154 58 113 233 255 255 255 255 255 255 255 255 
255 255 255 255 255 255 255 255 255 255 255 255 255 255 223 153 118 119 173 243 255 255 255 255 255 255 255 255 
255 255 255 255 255 255 255 255 255 255 255 255 255 255 197 82 90 187 234 251 255 255 255 255 255 255 255 255 
255 255 255 255 255 255 255 255 255 255 249 225 210 212 161 72 107 226 255 255 255 255 255 255 255 255 255 255 
255 255 255 255 255 255 255 255 255 255 237 163 114 108 111 123 171 238 255 255 255 255 255 255 255 255 255 255 
255 255 255 255 255 254 252 252 252 255 222 104 27 25 82 186 240 252 255 255 255 255 255 255 255 255 255 255 
255 255 255 255 254 227 195 188 191 198 165 61 7 35 111 218 255 255 255 255 255 255 255 255 255 255 255 255 
255 255 255 255 252 184 105 89 95 98 81 26 27 110 184 237 255 255 255 255 255 255 255 255 255 255 255 255 
255 255 255 255 251 151 35 12 20 21 16 0 45 173 246 253 255 255 255 255 255 255 255 255 255 255 255 255 
255 255 255 255 251 142 17 0 0 0 0 0 49 189 255 255 255 255 255 255 255 255 255 255 255 255 255 255 
