255 255 255 255 255 255 254 251 213 106 14 0 0 0 0 0 0 0 0 0 69 181 250 250 250 252 254 255 
255 255 255 255 255 255 208 122 58 25 0 0 0 0 0 0 0 0 0 0 14 48 69 69 79 151 227 255 
255 255 255 255 197 127 70 16 6 75 133 142 142 142 142 142 142 142 142 142 101 33 0 0 7 108 216 255 
255 240 195 157 121 94 87 91 119 192 255 255 255 255 255 255 255 255 255 255 191 73 0 0 14 112 217 255 
255 225 132 69 128 226 255 255 255 255 255 255 255 255 255 255 255 255 255 255 185 70 0 0 14 113 219 255 
238 239 241 243 248 253 255 255 255 255 255 255 255 255 255 255 255 255 255 255 185 70 0 0 13 105 203 238 
42 74 162 245 255 255 255 255 255 255 255 255 255 255 255 255 255 255 255 255 185 70 0 0 2 18 35 42 
0 26 136 240 255 255 255 255 255 255 255 255 255 255 255 255 255 255 255 255 191 73 0 0 0 0 0 0 
123 142 197 248 255 255 255 255 255 255 255 255 255 255 255 255 255 255 208 152 96 36 0 0 0 0 0 0 
255 255 255 251 219 187 195 232 255 255 255 255 255 255 255 248 214 174 98 16 0 0 0 0 0 0 0 0 
255 255 255 243 156 68 90 191 250 235 221 220 220 220 220 187 93 14 16 29 26 10 0 0 0 0 0 0 
255 255 255 254 245 236 238 249 222 125 42 30 30 30 30 26 17 21 110 200 175 68 0 0 0 0 0 0 
255 255 255 255 255 255 255 255 246 220 198 194 194 194 194 195 196 201 225 249 189 72 0 0 0 0 0 0 
255 255 255 255 255 255 255 255 255 255 255 255 255 255 255 255 255 255 255 255 185 70 0 0 8 67 129 152 
255 255 255 255 255 255 255 255 255 255 255 255 255 255 255 255 255 255 255 255 185 70 0 0 15 116 225 255 
255 255 255 255 255 255 255 255 255 255 255 255 255 255 255 255 255 255 255 255 185 70 0 0 14 112 217 255 
255 255 255 255 255 255 255 255 255 255 255 255 255 255 255 255 255 255 255 255 185 70 0 0 14 112 217 255 
255 255 255 255 255 255 255 255 255 255 255 255 255 255 255 255 255 255 255 255 185 70 0 0 14 112 217 255 
255 255 255 255 255 255 255 255 255 255 255 255 255 255 255 255 255 255 255 255 185 70 0 0 14 112 217 255 
255 255 255 255 255 255 255 255 255 255 255 255 255 255 255 255 255 255 255 255 185 70 0 0 14 112 217 255 
255 255 255 255 255 255 255 255 255 255 255 255 255 255 255 255 255 255 255 255 185 70 0 0 9 109 216 255 
255 255 255 255 255 255 255 255 255 255 255 255 255 255 255 255 255 255 255 255 184 69 6 23 51 135 223 255 
255 255 255 255 255 255 255 255 255 255 255 255 255 255 255 255 255 255 255 255 180 63 35 130 226 246 253 255 
255 255 255 255 255 255 255 255 255 255 255 255 255 255 255 255 255 255 255 255 180 63 38 141 243 255 255 255 
255 255 255 255 255 255 255 255 255 255 255 255 255 255 255 255 255 255 255 255 180 63 38 139 241 255 255 255 
255 255 255 255 255 255 255 255 255 255 255 255 255 255 255 255 255 255 255 255 180 63 38 139 241 255 255 255 
255 255 255 255 255 255 255 255 255 255 255 255 255 255 255 255 255 255 255 255 180 63 38 139 241 255 255 255 
255 255 255 255 255 255 255 255 255 255 255 255 255 255 255 255 255 255 255 255 180 63 38 139 241 255 255 255 
