255 255 254 251 154 10 0 2 5 5 5 5 5 5 5 5 5 5 5 5 2 0 10 154 251 254 255 255 
255 255 238 115 40 0 0 53 172 186 186 186 186 186 186 186 186 186 186 172 53 0 0 40 115 238 255 255 
255 192 98 14 44 136 142 180 254 255 255 255 255 255 255 255 255 255 255 254 180 142 136 50 21 99 192 255 
255 135 0 66 159 255 255 255 255 255 255 255 255 255 255 255 255 255 255 255 255 255 254 97 0 0 141 255 
206 129 76 205 255 255 255 255 255 255 255 255 255 255 255 255 255 255 255 255 255 255 247 128 37 8 114 206 
12 114 242 252 255 255 255 255 255 255 255 255 255 255 255 255 255 255 255 255 255 255 255 248 184 30 7 12 
0 113 254 255 255 255 255 255 255 255 255 255 255 255 255 255 255 255 255 255 255 255 255 255 195 31 0 0 
0 114 252 255 255 255 255 255 255 255 255 255 255 255 255 255 255 255 255 255 255 255 255 255 193 31 0 0 
0 109 252 255 255 255 255 255 255 255 255 255 255 255 255 255 255 255 255 255 255 255 255 255 200 32 0 0 
75 157 255 255 255 255 255 255 255 255 255 255 255 255 255 255 255 255 255 255 255 255 252 209 137 22 0 0 
254 237 224 246 255 255 255 255 255 255 255 255 255 255 255 255 255 255 255 255 255 255 245 99 1 0 0 0 
255 148 60 197 255 255 255 255 255 255 255 255 255 255 255 255 255 255 255 255 255 255 245 98 0 0 4 8 
255 226 202 239 255 255 255 255 255 255 255 255 255 255 255 255 255 255 255 255 255 255 245 98 0 2 110 198 
255 255 255 255 255 255 255 255 255 255 255 255 255 255 255 255 255 255 255 255 255 255 253 102 0 2 146 255 
255 255 255 255 255 255 255 255 255 255 255 255 255 255 255 255 255 255 255 255 255 223 154 59 0 2 141 255 
255 255 255 255 255 255 255 255 255 255 255 255 255 255 255 255 255 255 255 255 255 174 14 0 0 0 140 255 
255 255 255 255 255 255 255 255 255 255 255 255 255 255 255 255 255 255 255 255 255 176 19 0 5 22 151 255 
255 255 255 255 255 255 255 255 255 255 255 255 255 255 255 255 255 255 255 255 255 176 19 0 53 194 240 255 
255 255 255 255 255 255 255 255 255 255 255 255 255 255 255 255 255 255 255 255 255 181 19 0 57 227 255 255 
255 255 255 255 255 255 255 255 255 255 255 255 255 255 255 255 255 255 255 253 167 82 6 78 162 240 255 255 
255 255 255 255 255 255 255 255 255 255 255 255 255 255 255 255 255 255 223 161 47 20 84 194 255 255 255 255 
255 255 255 255 255 255 255 255 255 255 255 255 255 255 255 255 255 255 157 9 0 78 237 255 255 255 255 255 
255 255 255 255 255 255 255 255 255 255 255 255 255 255 255 255 254 246 149 10 8 88 237 255 255 255 255 255 
255 255 255 255 255 255 255 255 255 255 255 255 255 255 255 255 233 100 29 14 141 221 251 255 255 255 255 255 
255 255 255 255 255 255 255 255 255 255 255 255 255 255 255 185 81 11 53 162 231 255 255 255 255 255 255 255 
255 255 255 255 255 255 255 255 255 255 255 255 255 242 164 69 0 81 171 255 255 255 255 255 255 255 255 255 
255 255 255 255 255 255 255 255 255 255 255 254 218 152 28 28 92 215 255 255 255 255 255 255 255 255 255 255 
255 255 255 255 255 255 255 255 255 255 255 252 120 4 1 115 248 254 255 255 255 255 255 255 255 255 255 255 
