255 255 255 255 255 255 255 255 254 254 253 253 253 201 53 0 6 127 247 253 253 253 253 253 254 255 255 255 
255 255 255 255 255 255 255 255 206 114 98 98 98 77 20 0 2 49 95 98 98 98 98 101 181 255 255 255 
255 255 255 255 255 255 241 183 102 7 0 0 0 0 0 0 0 0 0 0 0 0 0 0 76 167 224 255 
255 255 255 255 253 233 175 47 0 0 17 34 34 34 34 34 34 34 34 34 34 34 22 3 1 26 170 255 
255 255 255 254 232 111 27 6 0 6 111 215 221 221 221 221 221 221 221 221 221 221 144 21 0 24 169 255 
255 255 255 179 88 28 0 0 50 147 212 255 255 255 255 255 255 255 255 255 255 255 171 25 0 25 169 255 
255 224 167 76 0 0 14 72 153 247 255 255 255 255 255 255 255 255 255 255 255 255 166 25 0 25 169 255 
255 171 26 1 3 22 80 208 254 255 255 255 255 255 255 255 255 255 255 255 255 255 166 25 0 25 170 255 
254 168 24 0 21 144 228 249 255 255 255 255 255 255 255 255 255 255 255 255 255 255 166 25 0 25 168 254 
93 62 9 0 17 168 255 255 255 255 255 255 255 255 255 255 255 255 255 255 255 255 172 25 0 1 59 93 
0 0 1 47 107 199 255 255 255 255 255 255 255 255 255 255 255 255 255 255 241 183 105 18 50 81 28 0 
0 0 6 127 249 255 255 255 255 255 255 255 255 255 255 255 255 255 252 233 175 47 0 5 135 223 91 0 
1 1 6 127 249 255 255 255 255 255 255 255 255 255 255 255 255 255 234 111 27 6 0 7 138 225 92 0 
162 104 10 42 107 199 255 255 255 255 255 255 255 255 255 255 255 255 238 87 0 0 56 148 216 236 91 0 
255 207 108 39 20 165 255 255 255 255 255 255 255 255 255 255 255 212 148 56 0 0 90 235 216 148 54 0 
255 255 248 119 26 138 228 249 255 255 255 255 255 255 255 244 219 111 6 0 6 27 117 229 136 7 0 0 
255 255 250 128 10 22 80 208 254 255 255 255 255 255 254 177 55 17 0 0 47 175 233 245 127 5 1 1 
255 255 253 209 147 52 14 72 153 247 255 255 255 228 129 55 0 0 7 102 184 248 209 108 46 18 107 162 
255 255 255 255 238 87 0 0 46 144 162 161 157 119 20 22 83 93 110 205 243 183 102 8 0 20 173 255 
255 255 255 255 234 111 34 34 22 4 0 4 23 35 35 111 232 254 254 255 203 55 0 0 17 55 181 255 
255 255 255 255 252 233 221 221 144 22 0 21 143 220 220 233 253 255 255 255 200 52 0 6 111 219 243 255 
255 255 255 255 255 255 255 255 227 171 162 171 227 255 255 255 255 255 247 153 74 19 56 148 212 255 255 255 
255 255 255 255 255 255 255 255 255 255 255 255 255 255 255 255 255 212 147 50 0 0 87 238 255 255 255 255 
255 255 255 255 255 255 255 255 255 255 255 255 255 249 228 221 215 110 5 0 6 27 111 234 255 255 255 255 
255 255 255 255 255 255 255 254 254 254 254 254 254 208 80 34 34 17 1 1 47 175 233 252 255 255 255 255 
255 255 255 255 255 255 221 127 93 93 93 93 93 71 7 0 0 73 157 162 183 241 255 255 255 255 255 255 
255 255 255 255 255 255 200 46 0 0 0 0 0 13 75 98 101 181 255 255 255 255 255 255 255 255 255 255 
255 255 255 255 255 255 202 53 0 0 0 0 0 53 201 253 253 254 255 255 255 255 255 255 255 255 255 255 
