255 255 255 255 255 255 255 210 118 31 0 0 10 79 176 245 255 255 255 255 255 255 255 255 255 255 255 255 
255 255 255 255 255 255 255 210 118 31 0 0 10 79 176 245 255 255 255 255 255 255 255 255 255 255 255 255 
255 255 255 255 255 255 255 217 122 32 0 0 10 79 176 245 255 255 255 255 255 255 255 255 255 255 255 255 
255 255 255 255 239 196 150 105 59 15 0 0 10 79 176 245 255 255 255 255 255 255 255 255 255 255 255 255 
255 255 255 255 223 133 38 0 0 0 0 0 10 79 176 245 255 255 255 255 255 255 255 255 255 255 255 255 
255 255 255 255 224 137 45 0 0 0 0 0 10 79 176 245 255 255 255 255 255 255 255 255 255 255 255 255 
255 255 255 255 224 137 45 0 0 0 0 0 10 79 176 245 255 255 255 255 255 255 255 255 255 255 255 255 
255 255 255 255 224 137 45 0 0 0 1 4 15 84 178 245 255 255 255 255 255 255 255 255 255 255 255 255 
255 255 255 255 224 137 45 0 0 2 49 124 189 218 238 253 255 255 255 255 255 255 255 255 255 255 255 255 
255 255 255 255 224 137 45 0 0 2 63 161 242 255 255 255 255 255 255 255 255 255 255 255 255 255 255 255 
255 255 255 255 224 137 45 0 0 2 62 157 236 255 255 255 255 255 255 255 255 255 255 255 255 255 255 255 
255 255 255 255 224 137 45 0 0 2 62 157 236 255 255 255 255 255 255 255 255 255 255 255 255 255 255 255 
255 255 255 255 224 137 45 0 0 2 62 157 236 255 255 255 255 255 255 255 255 255 255 255 255 255 255 255 
255 255 255 255 224 138 45 0 0 2 62 157 236 255 255 255 255 255 255 255 255 255 255 255 255 255 255 255 
255 255 253 250 219 134 44 0 0 2 62 157 236 255 255 255 255 255 255 255 255 255 255 255 255 255 255 255 
255 239 180 104 49 29 9 0 0 0 58 155 236 255 255 255 255 255 255 255 255 255 255 255 255 255 255 255 
255 235 158 60 0 0 0 30 90 147 188 221 248 255 255 255 255 255 255 255 255 255 255 255 255 255 255 255 
255 235 160 64 2 0 0 47 142 232 255 255 255 255 255 255 255 255 255 255 255 255 255 255 255 255 255 255 
255 241 164 66 1 0 0 40 134 223 255 255 255 255 255 255 255 255 255 255 255 255 255 255 255 255 255 255 
202 186 127 51 8 25 44 89 162 230 255 255 255 255 255 255 255 255 255 255 255 255 255 255 255 255 255 255 
6 6 4 1 30 115 205 250 252 254 255 255 255 255 255 255 255 255 255 255 255 255 255 255 255 255 255 255 
0 0 2 4 36 121 211 255 255 255 255 255 255 255 255 255 255 255 255 255 255 255 255 255 255 255 255 255 
0 12 72 150 206 226 246 255 255 255 255 255 255 255 255 255 255 255 255 255 255 255 255 255 255 255 255 255 
166 174 202 237 255 255 255 255 255 255 255 255 255 255 255 255 255 255 255 255 255 255 255 255 255 255 255 255 
255 255 255 255 255 255 255 255 255 255 255 255 255 255 255 255 255 255 255 255 255 255 255 255 255 255 255 255 
160 160 160 160 160 160 160 160 160 160 160 160 160 160 160 161 162 165 166 166 166 166 166 166 165 162 161 160 
51 51 51 51 51 51 51 51 51 51 51 51 51 51 51 47 30 9 0 0 0 0 0 0 10 31 47 51 
248 248 248 248 248 248 248 248 248 248 248 248 248 248 248 230 153 60 3 0 0 0 0 3 63 156 229 248 
