255 255 255 255 255 255 255 255 255 255 255 255 255 255 180 28 0 34 189 255 255 255 255 255 255 255 255 255 
255 255 255 255 255 255 255 255 255 255 255 255 255 255 180 28 0 34 189 255 255 255 255 255 255 255 255 255 
255 255 255 255 255 255 255 255 255 255 255 255 255 255 180 28 0 34 189 255 255 255 255 255 255 255 255 255 
255 255 255 255 255 255 255 255 255 255 255 255 255 255 180 28 0 34 189 255 255 255 255 255 255 255 255 255 
255 255 255 255 255 255 255 255 255 255 255 255 255 255 180 28 0 34 189 255 255 255 255 255 255 255 255 255 
255 255 255 255 255 255 255 255 255 255 255 255 255 255 186 29 0 34 189 255 255 255 255 255 255 255 255 255 
255 240 219 217 217 217 235 255 255 255 255 255 252 229 153 24 0 35 190 255 255 255 255 255 255 255 255 255 
255 170 48 38 38 38 134 248 255 255 255 255 231 102 27 4 0 34 189 255 255 255 255 255 255 255 255 255 
255 153 5 0 0 0 43 104 108 108 108 108 95 26 0 0 0 15 80 108 108 108 108 108 165 254 255 255 
255 154 8 0 0 0 0 0 0 0 0 0 0 0 0 0 0 0 0 0 0 0 0 0 63 176 228 255 
255 161 25 14 14 14 8 0 0 0 0 0 0 0 0 0 0 0 0 0 0 0 0 0 5 25 161 255 
255 228 188 185 185 185 100 0 0 0 0 0 0 0 0 0 0 0 0 0 0 0 0 0 0 1 151 255 
255 255 255 255 255 255 195 103 35 0 0 0 0 0 26 95 108 108 108 108 108 108 108 108 108 115 198 255 
255 255 255 255 255 255 255 234 84 0 0 0 3 26 102 231 255 255 255 255 255 255 255 255 255 255 255 255 
255 255 255 255 255 255 255 234 84 0 0 0 24 153 229 252 255 255 255 255 255 255 255 255 255 255 255 255 
255 255 255 255 255 255 195 103 35 0 0 66 157 229 255 255 255 255 255 255 255 255 255 255 255 255 255 255 
255 255 255 255 243 197 100 0 0 15 61 163 255 255 255 255 255 255 255 255 255 255 255 255 255 255 255 255 
255 255 254 246 190 51 8 2 10 73 210 248 255 255 255 255 255 255 255 255 255 255 255 255 255 255 255 255 
255 255 243 138 53 8 0 16 124 204 250 255 255 255 255 255 255 255 255 255 255 255 255 255 255 255 255 255 
255 255 245 90 0 0 0 16 175 255 255 255 255 255 255 255 255 255 255 255 255 255 255 255 255 255 255 255 
255 241 205 79 0 0 16 55 184 255 255 255 255 255 255 255 255 255 255 255 255 255 255 255 255 255 255 255 
255 170 46 14 0 0 96 214 243 255 255 255 255 255 255 255 255 255 255 255 255 255 255 255 255 255 255 255 
99 57 0 0 28 129 208 255 255 255 255 255 255 255 255 255 255 255 255 255 255 255 255 255 255 255 255 255 
63 36 8 48 103 173 189 185 185 185 185 185 185 185 185 185 185 185 185 185 185 185 185 185 185 185 185 185 
241 141 26 146 184 50 14 14 14 14 14 14 14 14 14 14 14 14 14 14 14 14 14 14 14 14 14 14 
255 154 10 41 51 2 0 0 0 0 0 0 0 0 0 0 0 0 0 0 0 0 0 0 0 0 0 0 
255 200 118 106 105 111 63 3 0 0 0 0 0 0 33 100 112 112 112 112 112 112 112 112 112 112 112 112 
255 255 255 255 255 255 142 8 0 0 0 0 0 0 75 227 255 255 255 255 255 255 255 255 255 255 255 255 
