255 255 255 255 255 255 255 255 255 255 255 190 56 56 190 255 255 255 255 255 255 255 255 255 255 255 255 255 
255 255 255 255 255 255 255 255 255 255 255 193 52 50 188 255 255 255 255 255 255 255 255 255 255 255 255 255 
255 255 255 255 255 255 255 255 255 251 242 181 64 68 194 255 255 255 255 255 255 255 255 255 255 255 255 255 
255 255 255 255 255 255 255 255 255 214 129 105 141 182 231 255 255 255 255 255 255 255 255 255 255 255 255 255 
255 255 255 255 255 255 255 255 255 188 51 53 192 255 255 255 255 255 255 255 255 255 255 255 255 255 255 255 
255 255 255 255 255 255 255 255 255 189 54 55 191 255 255 255 255 255 255 255 255 255 255 255 255 255 255 255 
255 255 255 255 255 255 255 255 255 196 57 55 190 255 255 255 255 255 255 255 255 255 255 255 255 255 255 255 
255 255 255 255 255 255 255 250 238 173 51 56 190 255 255 255 255 255 255 255 255 255 255 255 255 255 255 255 
255 255 255 255 255 255 255 214 125 62 18 60 192 255 255 255 255 255 255 255 255 255 255 255 255 255 255 255 
255 255 255 255 255 255 255 192 56 0 0 62 194 255 255 255 255 255 255 255 255 255 255 255 255 255 255 255 
255 255 255 255 255 255 255 193 61 0 0 62 193 255 255 255 255 255 255 255 255 255 255 255 255 255 255 255 
255 255 255 255 255 255 255 200 64 0 0 55 191 255 255 255 255 255 255 255 255 255 255 255 255 255 255 255 
255 255 255 255 255 248 234 172 54 6 21 83 200 255 255 255 255 255 255 255 255 255 255 255 255 255 255 255 
255 255 255 255 255 212 118 55 12 38 135 198 237 255 255 255 255 255 255 255 255 255 255 255 255 255 255 255 
255 255 255 255 255 194 55 10 54 120 217 255 255 255 255 255 255 255 255 255 255 255 255 255 255 255 255 255 
255 255 255 254 252 187 55 49 169 234 249 255 255 255 255 255 255 255 255 255 255 255 255 255 255 255 255 255 
255 255 255 223 155 89 20 54 196 255 255 255 255 255 255 255 255 255 255 255 255 255 255 255 255 255 255 255 
255 255 255 194 61 8 26 88 202 255 255 255 255 255 255 255 255 255 255 255 255 255 255 255 255 255 255 255 
255 255 255 193 50 33 138 205 239 255 255 255 255 255 255 255 255 255 255 255 255 255 255 255 255 255 255 255 
255 237 187 141 98 123 218 255 255 255 255 255 255 255 255 255 255 255 255 255 255 255 255 255 255 255 255 255 
247 193 79 73 180 238 250 255 255 255 255 255 255 255 255 255 255 255 255 255 255 255 255 255 255 255 255 255 
104 109 124 163 230 255 255 255 255 255 255 255 255 255 255 255 255 255 255 255 255 255 255 255 255 255 255 255 
40 92 203 255 255 255 255 255 255 255 255 255 255 255 255 255 255 255 255 255 255 255 255 255 255 255 255 255 
194 211 246 255 255 255 255 255 255 255 255 255 255 255 255 255 255 255 255 255 255 255 255 255 255 255 255 255 
255 238 182 155 155 157 160 162 162 162 162 162 162 162 162 162 162 162 162 162 162 162 162 162 162 160 157 155 
255 202 86 28 28 26 19 17 17 17 17 17 17 17 17 17 17 17 17 17 17 17 17 17 17 20 26 28 
255 230 175 148 148 111 30 0 0 0 0 0 0 0 0 0 0 0 0 0 0 0 0 0 0 32 112 148 
255 255 255 255 255 197 63 0 0 0 0 0 0 0 0 0 0 0 0 0 0 0 0 0 0 65 198 255 
