255 255 255 255 247 185 94 32 53 137 224 255 255 255 255 255 255 255 255 255 255 255 255 255 255 255 255 255 
255 255 255 255 247 186 97 31 35 89 146 186 214 241 255 255 255 255 255 255 255 255 255 255 255 255 255 255 
255 255 255 255 247 189 102 28 5 13 22 69 144 218 255 255 255 255 255 255 255 255 255 255 255 255 255 255 
255 255 255 255 247 189 103 28 0 0 0 42 128 212 255 255 255 255 255 255 255 255 255 255 255 255 255 255 
255 255 255 255 247 189 103 28 0 0 0 49 132 213 255 255 255 255 255 255 255 255 255 255 255 255 255 255 
255 255 255 255 247 189 103 28 0 0 0 49 132 213 255 255 255 255 255 255 255 255 255 255 255 255 255 255 
255 255 255 255 250 191 104 28 0 0 0 49 132 213 255 255 255 255 255 255 255 255 255 255 255 255 255 255 
255 255 255 255 251 192 105 28 0 0 0 49 132 213 255 255 255 255 255 255 255 255 255 255 255 255 255 255 
166 166 166 166 161 123 67 18 0 0 1 50 136 219 255 255 255 255 255 255 255 255 255 255 255 255 255 255 
25 25 25 25 24 18 10 3 0 0 1 48 129 208 249 249 249 249 249 249 250 251 253 255 255 255 255 255 
0 0 0 0 0 0 0 0 0 0 1 23 62 99 119 119 119 119 119 119 134 174 220 251 255 255 255 255 
25 25 25 25 24 18 10 3 0 0 0 6 16 26 31 31 31 31 31 31 55 121 197 248 255 255 255 255 
166 166 166 166 161 123 67 18 0 0 0 31 83 134 160 160 160 160 160 160 170 198 230 252 255 255 255 255 
255 255 255 255 251 192 105 28 0 0 0 50 135 217 255 255 255 255 255 255 255 255 255 255 255 255 255 255 
255 255 255 255 250 191 104 28 0 0 0 50 134 216 255 255 255 255 255 255 255 255 255 255 255 255 255 255 
255 255 255 255 247 189 103 28 0 0 0 44 129 212 255 255 255 255 255 255 255 255 255 255 255 255 255 255 
255 255 255 255 247 189 103 28 1 3 5 54 135 214 255 255 255 255 255 255 255 255 255 255 255 255 255 255 
255 255 255 255 247 187 98 30 26 67 110 152 194 234 255 255 255 255 255 255 255 255 255 255 255 255 255 255 
255 255 255 255 247 185 94 32 51 131 214 250 252 254 255 255 255 255 255 255 255 255 255 255 255 255 255 255 
255 255 255 255 247 185 94 32 53 137 225 255 255 255 255 255 255 255 255 255 255 255 255 255 255 255 255 255 
255 255 255 255 247 184 92 30 50 133 219 255 255 255 255 255 255 255 255 255 255 255 255 255 255 255 255 255 
255 255 255 255 247 184 91 28 49 132 219 255 255 255 255 255 255 255 255 255 255 255 255 255 255 255 255 255 
255 255 255 255 250 209 150 110 123 176 232 255 255 255 255 255 255 255 255 255 255 255 255 255 255 255 255 255 
255 255 255 255 254 248 239 233 235 243 252 255 255 255 255 255 255 255 255 255 255 255 255 255 255 255 255 255 
255 255 255 255 255 255 255 255 255 255 255 255 255 255 255 255 255 255 255 255 255 255 255 255 255 255 255 255 
255 255 255 255 255 255 255 255 255 255 255 255 255 255 251 243 235 230 230 230 230 230 230 230 230 230 230 230 
255 255 255 255 255 255 255 255 255 255 255 255 255 255 227 174 118 87 86 86 86 86 86 86 86 86 86 86 
255 255 255 255 255 255 255 255 255 255 255 255 255 255 213 130 45 0 0 0 0 0 0 0 0 0 0 0 
