255 255 255 255 255 255 255 255 255 255 255 255 255 255 255 255 255 255 255 255 255 255 246 90 56 223 255 255 
255 255 255 255 255 255 255 255 255 255 255 255 255 255 255 255 255 255 255 255 255 215 132 44 59 224 255 255 
255 255 255 255 255 255 255 255 255 255 255 255 255 255 255 255 255 255 255 255 255 176 16 0 60 224 255 255 
255 255 255 255 255 255 254 254 255 255 255 255 255 255 255 255 255 255 255 255 254 174 18 0 63 224 255 255 
255 255 255 255 255 252 155 155 252 255 255 255 255 255 255 255 255 255 255 244 157 78 14 88 169 241 255 255 
255 255 255 255 233 185 51 51 185 235 255 255 255 255 255 255 255 255 255 238 77 0 7 159 255 255 255 255 
255 255 255 255 168 34 7 7 34 165 251 251 253 255 255 255 255 255 253 232 78 1 14 159 255 255 255 255 
255 255 255 255 150 0 0 0 0 60 103 105 190 255 255 255 255 255 202 101 32 50 153 225 255 255 255 255 
255 255 255 255 182 68 18 0 0 0 0 0 99 189 189 189 189 189 114 1 0 61 181 192 206 251 255 255 
255 255 255 255 247 217 78 8 8 3 0 0 12 22 22 22 22 22 13 1 0 7 20 22 76 220 247 247 
255 255 255 255 255 254 193 162 155 57 0 0 0 0 0 0 0 0 0 0 0 0 0 0 15 73 84 84 
255 255 255 255 255 255 255 255 255 147 75 75 75 61 13 0 0 0 0 0 0 0 0 0 12 58 67 67 
255 255 255 255 255 255 255 255 254 245 238 238 238 196 42 0 0 0 5 11 12 12 12 12 67 211 238 238 
255 255 255 255 255 255 255 255 255 255 255 255 255 222 48 0 0 0 61 164 171 171 171 171 193 250 255 255 
255 255 255 255 255 255 255 255 255 255 255 255 213 141 30 0 5 62 153 255 255 255 255 255 255 255 255 255 
255 255 255 255 255 255 255 255 255 255 251 238 116 10 2 8 44 188 248 255 255 255 255 255 255 255 255 255 
255 255 255 255 255 255 255 255 255 255 217 97 32 0 0 79 188 241 255 255 255 255 255 255 255 255 255 255 
255 255 255 255 255 255 255 255 255 200 120 12 0 11 76 172 255 255 255 255 255 255 255 255 255 255 255 255 
255 255 255 255 255 255 255 248 226 95 6 1 12 62 207 251 255 255 255 255 255 255 255 255 255 255 255 255 
255 255 255 255 255 255 255 201 78 23 0 0 99 202 247 255 255 255 255 255 255 255 255 255 255 255 255 255 
255 255 255 255 220 156 152 100 0 0 19 91 190 255 255 255 255 255 255 255 255 255 255 255 255 255 255 255 
255 255 252 234 141 13 4 11 26 28 82 224 253 255 255 255 255 255 255 255 255 255 255 255 255 255 255 255 
255 255 235 106 34 0 0 56 182 198 212 251 255 255 255 255 255 255 255 255 255 255 255 255 255 255 255 255 
255 206 117 19 0 1 75 160 253 255 255 255 255 255 255 255 255 255 255 255 255 255 255 255 255 255 255 255 
220 138 38 36 35 52 187 255 255 255 255 255 255 255 255 240 221 221 234 255 255 255 255 255 255 255 255 255 
46 116 202 208 209 213 245 255 255 255 255 255 255 255 255 162 51 49 130 250 255 255 255 255 255 255 255 255 
118 183 247 167 137 136 131 128 128 128 128 128 128 128 128 65 0 0 44 123 128 128 128 128 159 240 255 255 
255 255 224 60 0 0 0 0 0 0 0 0 0 0 0 0 0 0 0 0 0 0 0 0 60 224 255 255 
