255 255 255 255 251 134 28 124 247 255 255 255 255 255 255 255 255 255 255 255 255 255 255 255 255 255 255 255 
255 255 255 255 251 134 28 124 247 255 255 255 255 255 255 255 255 255 255 255 255 255 255 255 255 255 255 255 
255 255 255 255 251 134 29 125 249 255 255 255 255 255 255 255 255 255 255 255 255 255 255 255 255 255 255 255 
255 255 255 255 251 134 28 123 246 254 255 255 255 255 255 255 255 255 255 255 255 255 255 255 255 255 255 255 
255 255 255 255 251 139 22 55 121 198 254 255 255 255 255 255 255 255 255 255 255 255 255 255 255 255 255 255 
255 255 255 255 251 142 16 0 17 150 254 255 255 255 255 255 255 255 255 255 255 255 255 255 255 255 255 255 
255 255 255 255 251 142 17 0 21 152 254 255 255 255 255 255 255 255 255 255 255 255 255 255 255 255 255 255 
255 255 255 255 251 142 17 0 22 152 254 255 255 255 255 255 255 255 255 255 255 255 255 255 255 255 255 255 
255 255 255 255 255 145 17 0 22 155 255 255 255 255 255 255 255 255 255 255 255 255 255 255 255 255 255 255 
247 247 247 247 243 138 16 0 21 147 247 252 255 255 255 255 255 255 255 255 255 255 255 255 255 255 255 255 
93 93 93 93 92 52 6 0 8 56 116 208 255 255 255 255 255 255 255 255 255 255 255 255 255 255 255 255 
0 0 0 0 0 0 0 0 0 0 13 113 191 234 255 255 255 255 255 255 255 255 255 255 255 255 255 255 
12 12 12 12 12 7 1 0 1 7 14 23 72 197 255 255 255 255 255 255 255 255 255 255 255 255 255 255 
171 171 171 171 168 95 11 0 15 102 169 167 182 232 255 255 255 255 255 255 255 255 255 255 255 255 255 255 
255 255 255 255 255 147 17 0 17 155 255 255 255 255 255 255 255 255 255 255 255 255 255 255 255 255 255 255 
255 255 255 255 251 142 17 8 36 159 254 255 255 255 255 255 255 255 255 255 255 255 255 255 255 255 255 255 
255 255 255 255 251 137 25 88 181 225 255 255 255 255 255 255 255 255 255 255 255 255 255 255 255 255 255 255 
255 255 255 255 251 134 29 128 255 255 255 255 255 255 255 255 255 255 255 255 255 255 255 255 255 255 255 255 
255 255 255 255 251 134 28 124 247 255 255 255 255 255 255 255 255 255 255 255 255 255 255 255 255 255 255 255 
255 255 255 255 251 134 28 124 247 255 255 255 255 255 255 255 255 255 255 255 255 255 255 255 255 255 255 255 
255 255 255 255 250 131 22 120 247 255 255 255 255 255 255 255 255 255 255 255 255 255 255 255 255 255 255 255 
255 255 255 255 251 147 53 138 248 255 255 255 255 255 255 255 255 255 255 255 255 255 255 255 255 255 255 255 
255 255 255 255 254 228 204 226 253 255 255 255 255 255 255 255 255 255 255 255 255 255 255 255 255 255 255 255 
255 255 255 255 255 255 255 255 255 255 255 255 255 255 255 255 255 255 255 255 255 255 255 250 182 162 226 255 
255 255 255 241 224 234 253 255 255 255 251 232 221 221 221 221 221 221 221 221 221 221 220 195 73 36 153 220 
255 255 255 173 72 131 241 255 255 255 230 118 49 49 49 49 49 49 49 49 49 49 47 40 11 3 30 46 
255 255 255 201 135 174 246 255 244 179 110 36 0 0 0 0 0 0 0 0 0 0 62 117 124 125 121 118 
255 255 255 255 255 255 255 255 233 102 0 0 0 0 0 0 0 0 0 0 0 17 143 252 255 255 255 255 
