255 255 246 219 178 128 79 42 28 46 84 134 185 227 251 255 255 255 255 255 255 255 255 255 255 255 255 255 
255 255 246 219 178 128 79 42 28 46 84 134 185 227 251 255 255 255 255 255 255 255 255 255 255 255 255 255 
255 255 246 219 177 127 78 39 26 43 82 133 184 226 251 255 255 255 255 255 255 255 255 255 255 255 255 255 
255 255 246 218 175 124 74 35 21 39 79 130 183 226 250 255 255 255 255 255 255 255 255 255 255 255 255 255 
255 255 246 219 176 126 77 38 25 42 81 132 184 226 251 255 255 255 255 255 255 255 255 255 255 255 255 255 
255 255 247 223 185 141 97 62 50 66 101 146 192 229 251 255 255 255 255 255 255 255 255 255 255 255 255 255 
255 255 249 232 204 172 140 116 107 118 144 176 209 236 252 255 255 255 255 255 255 255 255 255 255 255 255 255 
255 255 252 243 228 211 194 181 176 182 196 213 231 245 253 255 255 255 255 255 255 255 255 255 255 255 255 255 
255 255 254 252 247 243 238 234 233 235 238 243 248 252 255 255 255 255 255 255 255 255 255 255 255 255 255 255 
255 255 255 255 255 255 255 255 255 255 255 255 255 255 255 255 255 255 255 255 255 255 255 255 255 255 255 255 
255 255 255 255 255 255 255 255 255 255 255 255 255 255 255 255 255 255 255 255 255 255 255 255 255 255 255 255 
255 255 255 255 255 255 255 255 255 255 255 255 255 255 255 255 255 255 255 255 255 255 255 255 255 255 255 255 
255 255 255 255 255 255 255 255 255 255 255 255 255 255 255 255 255 255 255 255 255 255 255 255 255 255 255 255 
255 255 255 255 255 255 255 255 255 255 255 255 255 255 255 255 255 255 255 255 255 255 255 255 255 255 255 255 
255 255 255 255 255 255 255 255 255 255 255 255 255 255 255 255 255 255 255 255 255 255 255 255 255 255 255 255 
249 249 249 250 251 252 253 254 255 255 255 255 255 255 255 255 255 255 255 255 255 255 255 255 255 255 255 255 
202 202 204 209 217 226 237 246 253 255 255 255 255 255 255 255 255 255 255 255 255 255 255 255 255 255 255 255 
127 127 132 145 164 187 211 233 249 255 255 255 255 255 255 255 255 255 255 255 255 255 255 255 255 255 255 255 
53 53 60 81 111 147 186 221 246 255 255 255 255 255 255 255 255 255 255 255 255 255 255 255 255 255 255 255 
6 6 14 40 77 122 169 213 244 255 255 255 255 255 255 255 255 255 255 255 255 255 255 255 255 255 255 255 
0 0 0 22 64 113 166 215 248 255 255 255 255 255 255 255 255 255 255 255 255 255 255 255 255 255 255 255 
0 0 0 23 64 114 168 217 251 255 255 255 255 255 255 255 255 255 255 255 255 255 255 255 255 255 255 255 
6 6 14 39 75 119 165 208 237 249 249 249 249 249 249 249 249 249 249 249 249 249 249 249 249 249 249 249 
55 55 60 75 96 122 150 175 193 200 200 200 200 200 200 200 200 200 200 200 200 200 200 200 200 200 200 200 
132 132 131 131 129 128 126 125 124 123 123 123 123 123 123 123 123 123 123 123 123 123 123 123 123 123 123 123 
203 203 198 182 160 133 104 78 59 52 52 52 52 52 52 52 52 52 52 52 52 52 52 52 52 52 52 52 
248 248 240 216 180 136 90 47 18 7 7 7 7 7 7 7 7 7 7 7 7 7 7 7 7 7 7 7 
255 255 255 230 188 138 84 34 0 0 0 0 0 0 0 0 0 0 0 0 0 0 0 0 0 0 0 0 
