0 0 9 35 73 118 167 212 243 255 255 255 255 255 255 255 255 255 255 255 255 255 255 255 255 255 255 255 
0 0 9 35 73 118 167 212 243 255 255 255 255 255 255 255 255 255 255 255 255 255 255 255 255 255 255 255 
0 0 9 35 73 118 167 212 243 255 255 255 255 255 255 255 255 255 255 255 255 255 255 255 255 255 255 255 
0 0 9 35 73 118 167 212 243 255 255 255 255 255 255 255 255 255 255 255 255 255 255 255 255 255 255 255 
0 0 9 35 73 118 167 212 243 255 255 255 255 255 255 255 255 255 255 255 255 255 255 255 255 255 255 255 
0 0 9 35 73 118 167 212 243 255 255 255 255 255 255 255 255 255 255 255 255 255 255 255 255 255 255 255 
0 0 9 35 73 118 167 212 243 255 255 255 255 255 255 255 255 255 255 255 255 255 255 255 255 255 255 255 
0 0 9 35 73 118 167 212 243 255 255 255 255 255 255 255 255 255 255 255 255 255 255 255 255 255 255 255 
0 0 9 35 73 118 167 212 243 255 255 255 255 255 255 255 255 255 255 255 255 255 255 255 255 255 255 255 
0 0 9 35 73 118 167 212 243 255 255 255 255 255 255 255 255 255 255 255 255 255 255 255 255 255 255 255 
0 0 9 35 73 118 167 212 243 255 255 255 255 255 255 255 255 255 255 255 255 255 255 255 255 255 255 255 
0 0 9 35 73 118 167 212 243 255 255 255 255 255 255 255 255 255 255 255 255 255 255 255 255 255 255 255 
0 0 9 35 73 118 167 212 243 255 255 255 255 255 255 255 255 255 255 255 255 255 255 255 255 255 255 255 
0 2 16 40 76 119 165 207 236 250 255 255 251 248 247 247 247 247 247 247 247 247 247 247 247 247 247 247 
9 16 29 51 82 120 160 197 223 236 240 240 236 233 233 233 233 233 233 233 233 233 233 233 233 233 233 233 
33 39 49 66 91 121 154 184 204 214 218 217 215 212 212 212 212 212 212 212 212 212 212 212 212 212 212 212 
62 66 73 85 102 123 146 166 181 188 190 190 188 186 186 186 186 186 186 186 186 186 186 186 186 186 186 186 
94 96 100 106 115 125 137 147 155 158 160 159 158 158 157 157 157 157 157 157 157 157 157 157 157 157 157 157 
127 127 127 127 127 127 128 128 128 128 128 128 128 128 128 128 128 128 128 128 128 128 128 128 128 128 128 128 
159 157 154 148 140 130 119 109 102 99 97 98 98 99 99 99 99 99 99 99 99 99 99 99 99 99 99 99 
189 185 179 168 151 131 110 91 78 71 69 69 71 72 73 73 73 73 73 73 73 73 73 73 73 73 73 73 
216 211 201 185 162 133 103 75 56 46 43 44 46 48 49 49 49 49 49 49 49 49 49 49 49 49 49 49 
239 232 220 200 170 135 97 62 38 26 21 22 25 28 28 28 28 28 28 28 28 28 28 28 28 28 28 28 
255 248 234 211 177 136 92 51 24 10 5 5 9 12 13 13 13 13 13 13 13 13 13 13 13 13 13 13 
255 255 245 219 182 137 88 44 13 0 0 0 0 1 2 2 2 2 2 2 2 2 2 2 2 2 2 2 
255 255 246 220 182 137 88 43 12 0 0 0 0 0 0 0 0 0 0 0 0 0 0 0 0 0 0 0 
255 255 246 220 182 137 88 43 12 0 0 0 0 0 0 0 0 0 0 0 0 0 0 0 0 0 0 0 
255 255 246 220 182 137 88 43 12 0 0 0 0 0 0 0 0 0 0 0 0 0 0 0 0 0 0 0 
