255 255 255 255 255 252 244 235 223 208 192 175 156 137 118 99 80 63 47 32 20 11 3 0 0 0 0 0 
255 255 255 255 255 252 244 235 223 208 192 175 156 137 118 99 80 63 47 32 20 11 3 0 0 0 0 0 
255 255 255 255 255 252 244 235 222 207 191 173 154 135 115 96 77 59 43 28 15 6 0 0 0 0 0 0 
255 255 255 255 255 252 244 234 222 207 190 172 153 133 113 94 74 56 39 24 12 2 0 0 0 0 0 0 
255 255 255 255 255 252 245 236 224 210 194 177 159 141 122 104 86 69 53 39 27 18 11 8 8 8 8 8 
255 255 255 255 255 253 247 240 231 220 208 195 182 168 153 139 126 113 100 90 81 74 68 66 66 66 66 66 
255 255 255 255 255 254 251 247 242 236 230 222 215 207 200 192 185 177 171 165 160 156 153 152 152 152 152 152 
255 255 255 255 255 255 254 253 252 250 248 246 244 242 240 238 236 234 232 231 229 228 228 227 227 227 227 227 
255 255 255 255 255 255 255 255 255 255 255 255 255 255 255 255 255 255 255 255 255 255 255 255 255 255 255 255 
255 255 255 255 255 255 255 255 255 255 255 255 255 255 255 255 255 255 255 255 255 255 255 255 255 255 255 255 
255 255 255 255 255 255 255 255 255 255 255 255 255 255 255 255 255 255 255 255 255 255 255 255 255 255 255 255 
255 255 255 255 255 255 255 255 255 255 255 255 255 255 255 255 255 255 255 255 255 255 255 255 255 255 255 255 
255 255 255 255 255 255 255 255 255 255 255 255 255 255 255 255 255 255 255 255 255 255 255 255 255 255 255 255 
255 255 255 255 255 255 255 255 255 255 255 255 255 255 255 255 255 255 255 255 255 255 255 255 255 255 255 255 
255 255 255 255 255 255 255 255 255 255 255 255 255 255 255 255 255 255 255 255 255 255 255 255 255 255 255 255 
255 255 255 255 255 255 255 255 255 255 255 255 255 255 255 255 255 255 255 255 255 255 255 255 255 255 255 255 
255 255 255 255 255 255 255 255 255 255 255 255 255 255 255 255 255 255 255 255 255 255 255 255 255 255 255 255 
255 255 255 255 255 255 255 255 255 255 255 255 255 255 255 255 255 255 255 255 255 255 255 255 255 255 255 255 
255 255 255 255 255 255 255 255 255 255 255 255 255 255 255 255 255 255 255 255 255 255 255 255 255 255 255 255 
255 255 255 255 255 255 255 255 255 255 255 255 255 255 255 255 255 255 255 255 255 255 255 255 255 255 255 255 
227 227 227 227 227 228 228 229 231 232 234 236 238 240 242 244 246 248 250 252 253 254 255 255 255 255 255 255 
152 152 152 152 152 153 156 160 165 171 177 185 192 200 207 215 222 230 236 242 247 251 254 255 255 255 255 255 
66 66 66 66 66 68 74 81 90 100 113 126 139 153 168 182 195 208 220 231 240 247 253 255 255 255 255 255 
8 8 8 8 8 11 18 27 39 53 69 86 104 122 141 159 177 194 210 224 236 245 252 255 255 255 255 255 
0 0 0 0 0 0 2 12 24 39 56 74 94 113 133 153 172 190 207 222 234 244 252 255 255 255 255 255 
0 0 0 0 0 0 6 15 28 43 59 77 96 115 135 154 173 191 207 222 235 244 252 255 255 255 255 255 
0 0 0 0 0 3 11 20 32 47 63 80 99 118 137 156 175 192 208 223 235 244 252 255 255 255 255 255 
0 0 0 0 0 3 11 20 32 47 63 80 99 118 137 156 175 192 208 223 235 244 252 255 255 255 255 255 
