255 255 255 255 255 254 220 159 88 28 0 0 0 0 0 0 0 0 0 0 0 0 29 93 162 219 253 255 
255 255 255 255 255 254 229 184 131 86 61 60 60 60 60 60 60 60 60 60 60 61 87 135 186 229 254 255 
255 255 255 255 255 255 246 231 214 199 191 191 191 191 191 191 191 191 191 191 191 191 200 215 232 246 255 255 
193 194 202 215 231 247 255 255 255 255 255 255 255 255 255 255 255 255 255 255 255 255 255 255 255 255 255 255 
62 63 88 130 181 228 254 255 255 255 255 255 255 255 255 255 255 255 255 255 255 255 255 255 255 255 255 255 
0 0 29 86 155 219 254 255 255 255 255 255 255 255 255 255 255 255 255 255 255 255 255 255 255 255 255 255 
0 0 31 88 156 219 254 255 255 255 255 255 255 255 255 255 255 255 255 255 255 255 255 255 255 255 255 255 
0 2 35 90 157 220 254 255 255 255 255 255 255 255 255 255 255 255 255 255 255 255 255 255 255 255 255 255 
0 2 35 90 157 220 254 255 255 255 255 255 255 255 255 255 255 255 255 255 255 255 255 255 255 255 255 255 
0 0 31 88 156 219 254 255 255 255 255 255 255 255 255 255 255 255 255 255 255 255 255 255 255 255 255 255 
0 0 29 86 155 219 254 255 255 255 255 255 255 255 255 255 255 255 255 255 255 255 255 255 255 255 255 255 
62 63 88 130 181 228 254 255 255 255 255 255 255 255 255 255 255 255 255 255 255 255 249 232 214 199 190 190 
193 194 202 215 231 247 255 255 255 255 255 255 255 255 255 255 255 255 255 255 255 255 233 182 128 83 57 56 
255 255 255 255 255 255 247 232 216 202 194 193 193 193 193 193 193 193 193 193 193 193 175 142 107 77 60 59 
255 255 255 255 255 254 229 184 132 88 63 62 62 62 62 62 62 62 62 62 62 62 80 113 148 178 195 196 
255 255 255 255 255 255 223 161 89 26 0 0 0 0 0 0 0 0 0 0 0 0 19 69 123 168 194 196 
255 255 255 255 255 255 224 162 90 27 0 0 0 0 0 0 0 0 0 0 0 0 0 17 35 50 59 59 
255 255 246 232 215 201 176 143 108 79 62 62 62 62 62 62 62 62 62 62 62 62 61 59 58 56 56 56 
255 254 228 182 129 89 80 103 140 175 193 193 193 193 193 193 193 193 193 193 193 193 193 192 191 190 190 190 
255 253 218 156 85 32 31 83 156 224 255 255 255 255 255 255 255 255 255 255 255 255 255 255 255 255 255 255 
255 253 219 157 86 33 33 83 156 222 255 255 255 255 255 255 255 255 255 255 255 255 255 255 255 255 255 255 
255 253 219 157 86 33 33 83 156 222 255 255 255 255 255 255 255 255 255 255 255 255 255 255 255 255 255 255 
255 253 218 156 85 32 31 83 157 224 255 255 255 255 255 255 255 255 255 255 255 255 255 255 255 255 255 255 
255 254 228 182 129 89 80 100 135 172 198 213 232 246 246 235 218 202 194 193 193 193 193 192 191 190 190 190 
255 255 246 232 215 201 174 136 97 75 84 127 184 226 228 191 138 88 63 62 62 62 61 59 58 56 56 56 
255 255 255 255 255 255 233 182 126 87 87 129 185 226 219 166 95 30 0 0 0 0 3 19 36 50 58 58 
255 255 255 255 255 255 249 232 214 201 200 214 232 245 220 163 93 31 0 0 0 0 23 71 122 165 190 191 
255 255 255 255 255 255 255 255 255 255 255 255 255 255 221 161 93 34 0 0 0 0 36 101 170 227 255 255 
