255 255 255 255 255 255 255 243 142 28 0 0 0 0 0 0 0 0 0 0 17 123 233 255 255 255 255 255 
255 255 255 255 255 251 185 116 59 4 0 0 0 0 0 0 0 0 0 0 0 49 107 173 244 255 255 255 
255 255 255 250 215 170 83 5 24 61 70 70 70 70 70 70 70 70 70 70 65 31 1 68 158 211 245 255 
255 252 246 210 106 21 14 25 114 216 241 241 241 241 241 241 241 241 241 241 226 132 34 14 14 92 198 241 
255 220 134 59 22 7 90 175 218 251 255 255 255 255 255 255 255 255 255 255 255 224 185 105 15 16 55 70 
255 210 81 7 57 118 189 254 255 255 255 255 255 255 255 255 255 255 255 255 255 255 255 201 128 68 13 0 
217 173 67 34 145 247 255 255 255 255 255 255 255 255 255 255 255 255 255 255 255 255 255 255 254 167 49 0 
38 30 12 35 152 248 255 255 255 255 255 255 255 255 255 255 255 255 255 255 255 255 255 255 255 168 49 0 
0 22 94 161 212 252 255 255 255 255 255 255 255 255 255 255 255 255 255 255 255 255 255 255 254 167 49 0 
0 50 172 255 255 255 255 255 255 255 255 255 255 255 255 255 255 255 255 255 255 255 255 255 255 169 46 0 
0 49 167 254 255 255 255 255 255 255 255 255 255 255 255 255 255 255 255 255 255 255 255 249 242 162 57 14 
0 49 167 254 255 255 255 255 255 255 255 255 255 255 255 255 255 255 255 255 255 255 255 179 97 103 161 185 
0 49 167 254 255 255 255 255 255 255 255 255 255 255 255 255 255 255 255 255 255 207 152 76 6 75 209 255 
0 48 168 255 255 255 255 255 255 255 255 255 255 255 255 255 255 255 252 235 205 112 18 14 33 113 214 255 
0 49 167 254 255 255 255 255 255 255 255 255 255 255 255 255 255 255 231 134 45 19 9 87 188 230 248 255 
147 136 110 121 193 255 255 255 255 255 255 255 255 255 255 255 239 165 97 38 0 62 137 194 247 255 255 255 
255 222 125 80 127 177 183 184 185 185 185 185 183 181 180 180 149 58 0 34 79 163 246 255 255 255 255 255 
255 252 245 212 114 34 21 15 14 14 14 14 18 25 28 28 26 19 39 141 231 248 254 255 255 255 255 255 
255 255 255 250 217 173 84 1 0 0 0 0 44 137 180 180 181 183 193 227 255 255 255 255 255 255 255 255 
255 255 255 247 191 149 124 110 108 108 108 108 154 229 255 255 255 255 255 255 255 255 255 255 255 255 255 255 
255 247 228 191 101 62 143 241 255 255 255 255 255 255 255 255 255 255 255 255 255 255 255 255 255 255 255 255 
255 212 106 63 136 214 236 254 255 255 255 255 255 255 255 255 255 255 255 255 255 255 255 255 255 255 255 255 
255 232 175 157 210 255 255 255 255 255 255 255 255 255 255 255 255 255 255 255 255 255 255 255 255 255 255 255 
255 255 255 255 255 255 255 255 255 255 255 255 255 255 255 255 255 255 255 255 255 255 255 255 255 255 255 255 
255 255 255 255 255 255 255 255 255 255 250 243 241 241 244 251 255 255 255 255 255 255 255 255 255 255 255 255 
255 255 255 255 255 255 255 255 255 255 189 95 63 63 106 199 255 255 255 255 255 255 255 255 255 255 255 255 
255 255 255 255 255 245 197 150 143 142 128 110 103 103 137 211 255 255 255 255 255 255 255 255 255 255 255 255 
255 255 255 255 255 233 123 17 0 4 93 213 255 255 255 255 255 255 255 255 255 255 255 255 255 255 255 255 
