255 255 255 255 255 236 171 91 25 0 0 0 0 0 0 0 0 0 0 0 0 0 6 57 135 208 255 255 
255 253 240 220 198 166 118 60 15 11 34 56 71 73 73 73 73 73 73 65 46 22 7 36 92 144 177 182 
255 249 212 153 89 43 28 14 8 43 105 168 207 212 212 212 212 212 212 191 138 73 20 8 22 34 42 43 
255 255 205 128 48 7 23 55 87 129 179 228 255 255 255 255 255 255 255 247 205 153 107 71 40 12 0 0 
251 244 197 122 50 27 71 143 205 233 241 250 255 255 255 255 255 255 255 253 246 237 225 178 109 46 5 0 
142 138 111 68 28 29 87 169 238 255 255 255 255 255 255 255 255 255 255 255 255 255 255 207 128 54 7 0 
17 16 13 8 3 25 88 166 230 255 255 255 255 255 255 255 255 255 255 255 255 255 249 200 123 52 7 0 
0 0 0 0 0 17 83 163 229 255 255 255 255 255 255 255 255 255 255 255 255 255 249 200 123 52 7 0 
0 1 4 11 17 44 103 174 232 255 255 255 255 255 255 255 255 255 255 255 255 255 249 199 123 52 7 0 
0 4 31 73 119 158 188 219 245 255 255 255 255 255 255 255 255 255 255 255 255 255 249 198 118 45 0 0 
0 7 52 123 198 248 254 255 255 255 255 255 255 255 255 255 255 255 255 255 255 255 251 208 142 80 40 34 
0 7 54 126 204 254 255 255 255 255 255 255 255 255 255 255 255 255 255 255 255 255 255 244 216 190 174 171 
0 4 51 123 201 251 255 255 255 255 255 255 255 255 255 255 255 255 255 250 237 221 212 216 231 247 255 255 
0 0 48 123 203 255 255 255 255 255 255 255 255 255 255 255 255 255 255 236 185 125 89 105 159 217 254 255 
66 69 90 123 161 193 210 230 249 255 255 255 255 255 255 255 255 255 255 229 156 72 21 43 118 197 248 255 
206 202 171 123 80 73 114 178 235 255 255 255 255 255 255 255 255 255 255 229 158 76 26 46 120 199 248 255 
255 255 203 120 41 19 72 159 234 255 255 255 255 255 255 255 255 255 255 238 191 137 105 118 167 218 250 255 
255 249 201 124 52 31 79 159 229 254 254 255 255 255 255 255 255 255 255 252 242 231 225 228 237 248 254 255 
255 251 222 176 133 111 112 127 150 173 203 238 255 255 255 255 255 255 255 255 255 255 255 255 255 255 255 255 
255 254 250 244 238 213 153 87 48 65 127 197 242 250 252 254 255 255 255 255 255 255 255 255 255 255 255 255 
255 255 255 255 255 236 163 76 13 9 48 93 133 169 209 242 255 255 255 255 255 255 255 255 255 255 255 255 
255 255 255 255 255 232 172 99 40 19 22 26 50 107 176 233 255 255 255 255 255 255 255 255 255 255 255 255 
255 255 255 255 255 244 216 182 153 141 138 136 146 176 213 243 255 255 255 255 255 255 255 255 255 255 255 255 
227 228 233 241 249 254 253 252 251 251 251 251 251 252 253 255 255 255 255 255 255 255 255 255 255 255 255 255 
93 98 127 171 220 252 255 255 255 255 255 255 255 255 255 255 255 255 255 255 255 255 255 255 255 255 255 255 
0 6 51 123 199 249 255 255 255 255 255 255 255 255 255 255 255 255 255 255 255 255 255 255 255 255 255 255 
0 2 48 121 198 249 255 255 255 255 255 255 255 255 255 255 255 255 255 255 255 255 255 255 255 255 255 255 
0 7 52 123 200 249 255 255 255 255 255 255 255 255 255 255 255 255 255 255 255 255 255 255 255 255 255 255 
