255 255 255 255 255 255 255 255 255 255 255 255 255 255 255 255 235 190 132 71 20 0 0 0 0 0 0 0 
255 255 255 255 255 255 255 255 255 255 255 255 255 255 255 255 237 197 143 88 42 14 9 6 3 1 0 0 
255 255 255 255 255 255 255 255 255 255 255 255 255 255 255 255 241 211 171 129 94 65 47 30 13 1 0 0 
255 255 255 255 255 255 255 255 255 255 255 255 255 255 255 255 248 231 210 188 168 138 103 65 30 4 0 0 
255 255 255 255 255 255 255 255 255 255 255 255 255 255 255 255 253 250 245 240 233 205 160 108 61 25 8 8 
255 255 255 255 255 255 255 255 255 255 255 255 255 255 255 255 255 255 255 255 255 237 198 153 112 81 66 66 
255 255 255 255 255 255 255 255 255 255 255 255 255 255 255 255 255 255 255 255 255 249 227 201 178 161 152 152 
255 255 255 254 253 252 251 251 252 253 254 255 255 255 255 255 255 255 255 255 255 252 246 240 234 229 227 227 
255 255 250 240 226 212 203 202 211 225 239 250 255 255 255 255 255 255 255 255 255 255 255 255 255 255 255 255 
255 255 243 217 183 148 124 124 146 180 216 244 255 255 255 255 255 255 255 255 255 255 255 255 255 255 255 255 
255 255 238 200 150 100 65 65 97 147 199 238 255 255 255 255 255 255 255 255 255 255 255 255 255 255 255 255 
255 255 241 205 157 108 74 74 104 152 201 239 255 255 255 255 255 255 255 255 255 255 255 255 255 255 255 255 
255 255 253 229 197 165 143 141 160 190 221 245 255 255 255 255 255 255 255 255 255 255 255 255 255 255 255 255 
255 255 253 245 235 225 218 217 224 234 244 252 255 255 255 255 255 255 255 255 255 255 255 255 255 255 255 255 
213 213 217 224 233 242 251 255 255 255 255 255 255 255 255 255 255 255 255 255 255 255 255 255 255 255 255 255 
132 132 143 164 191 221 248 255 255 255 255 255 255 255 255 255 255 255 255 255 255 255 255 255 255 255 255 255 
49 49 65 98 142 190 232 255 255 255 255 255 255 255 255 255 255 255 255 255 255 255 255 255 255 255 255 255 
0 0 20 61 114 173 224 253 255 255 255 255 255 255 255 255 255 255 255 255 255 255 255 255 255 255 255 255 
0 0 5 49 108 172 228 255 255 255 255 255 255 255 255 255 255 255 255 255 255 255 255 255 255 255 255 255 
0 0 12 55 111 173 227 255 255 255 255 255 255 255 255 255 255 255 255 255 255 255 255 255 255 255 255 255 
28 28 43 74 115 161 202 228 235 241 248 253 255 255 255 255 255 255 255 255 255 255 255 255 255 255 255 255 
103 103 106 111 118 128 141 158 178 204 232 254 255 255 255 255 255 255 255 255 255 255 255 255 255 255 255 255 
189 189 179 156 125 95 78 85 116 162 210 246 255 255 255 255 255 255 255 255 255 255 255 255 255 255 255 255 
247 247 230 193 143 94 59 57 86 132 181 218 233 233 233 233 233 233 233 233 233 233 233 233 233 233 233 233 
255 255 250 220 181 141 111 99 105 120 138 152 157 157 157 157 157 157 157 157 157 157 157 157 157 157 157 157 
255 255 253 239 221 202 187 166 142 118 97 80 73 73 73 73 73 73 73 73 73 73 73 73 73 73 73 73 
255 255 254 252 249 246 241 214 170 118 68 30 13 13 13 13 13 13 13 13 13 13 13 13 13 13 13 13 
255 255 255 255 255 255 255 233 181 117 55 8 0 0 0 0 0 0 0 0 0 0 0 0 0 0 0 0 
