255 255 255 255 255 255 255 255 255 255 255 255 255 251 227 185 134 84 46 29 44 83 135 186 230 255 255 255 
255 255 255 255 255 255 255 255 255 255 255 255 255 251 227 185 135 85 46 28 40 76 122 169 208 234 242 242 
255 255 255 255 255 255 255 255 255 255 255 255 255 251 226 185 134 84 43 21 25 52 87 122 152 171 178 178 
255 255 255 255 255 255 255 255 255 255 255 255 255 250 226 185 135 84 41 13 7 22 40 59 75 85 89 89 
255 255 255 255 255 255 255 255 255 255 255 255 255 251 228 191 145 98 55 25 12 15 19 23 27 29 30 30 
255 255 255 255 255 255 255 255 255 255 255 255 255 252 234 206 172 135 102 78 65 64 63 61 60 59 59 59 
255 255 255 255 255 255 255 255 255 255 255 255 255 253 244 229 210 190 172 158 151 150 148 147 146 145 145 145 
255 255 255 255 255 255 255 255 255 255 255 255 255 255 252 248 243 237 233 229 227 227 227 227 227 227 227 227 
255 255 255 255 255 255 255 255 255 255 255 255 255 255 255 255 255 255 255 255 255 255 255 255 255 255 255 255 
255 255 255 255 255 255 255 255 255 255 255 255 255 255 255 255 255 255 255 255 255 255 255 255 255 255 255 255 
255 255 255 255 255 255 255 255 255 255 255 255 255 255 255 255 255 255 255 255 255 255 255 255 255 255 255 255 
255 255 255 255 255 255 255 255 255 255 255 255 255 255 255 255 255 255 255 255 255 255 255 255 255 255 255 255 
255 255 255 255 255 255 255 255 255 255 255 255 255 255 255 255 255 255 255 255 255 255 255 255 255 255 255 255 
255 255 255 255 255 255 255 255 255 255 255 255 255 255 255 255 255 255 255 255 255 255 255 255 255 255 255 255 
255 255 255 255 255 255 255 255 255 255 255 255 255 255 255 255 255 255 255 255 255 255 255 255 255 255 255 255 
255 255 255 255 255 255 255 255 255 255 255 255 255 255 255 255 255 255 255 255 255 255 255 255 255 255 255 255 
255 255 255 255 255 255 255 255 255 255 255 255 255 255 255 255 255 255 255 255 255 255 255 255 255 255 255 255 
255 255 255 255 255 255 255 255 255 255 255 255 255 255 255 255 255 255 255 255 255 255 255 255 255 255 255 255 
255 255 255 255 255 255 255 255 255 255 255 255 255 255 255 255 255 255 255 255 255 255 255 255 255 255 255 255 
255 255 255 255 255 255 255 255 255 255 255 255 255 255 255 255 255 255 255 255 255 255 255 255 255 255 255 255 
255 255 255 255 255 255 255 255 255 255 255 255 255 255 255 255 255 255 255 255 255 255 255 255 255 255 255 255 
255 255 255 255 255 255 255 255 255 255 255 255 255 255 255 255 255 255 255 255 255 255 255 255 255 255 255 255 
255 255 255 255 255 255 255 255 255 255 255 255 255 255 255 255 255 255 255 255 255 255 255 255 255 255 255 255 
233 233 234 236 239 243 247 251 254 255 255 255 255 255 255 255 255 255 255 255 255 255 255 255 255 255 255 255 
157 157 161 171 185 203 221 239 250 255 255 255 255 255 255 255 255 255 255 255 255 255 255 255 255 255 255 255 
73 73 79 97 124 157 192 224 246 255 255 255 255 255 255 255 255 255 255 255 255 255 255 255 255 255 255 255 
13 13 21 46 82 125 172 214 244 255 255 255 255 255 255 255 255 255 255 255 255 255 255 255 255 255 255 255 
0 0 0 24 63 112 163 210 242 255 255 255 255 255 255 255 255 255 255 255 255 255 255 255 255 255 255 255 
