255 222 102 21 93 214 255 255 255 255 255 255 255 255 255 255 255 255 255 255 255 255 214 93 21 102 222 255 
204 180 110 69 128 223 255 255 255 255 255 255 255 255 255 255 255 255 255 255 255 255 223 128 69 110 180 204 
79 92 126 167 201 241 255 255 255 255 255 255 255 255 255 255 255 255 255 255 255 255 241 201 167 126 92 79 
36 68 158 242 254 255 255 255 255 255 255 255 255 255 255 255 255 255 255 255 255 255 255 254 242 158 68 36 
145 162 211 255 255 255 255 255 255 255 255 255 255 255 255 255 255 255 255 255 255 255 255 255 255 211 162 145 
247 248 252 255 255 255 255 255 255 255 255 255 255 255 255 255 255 255 255 255 255 255 255 255 255 252 248 247 
255 255 255 255 255 255 255 255 255 255 255 255 255 255 255 255 255 255 255 255 255 255 255 255 255 255 255 255 
255 255 255 255 255 255 255 255 255 255 255 255 255 255 255 255 255 255 255 255 255 255 255 255 255 255 255 255 
255 255 255 255 255 255 255 255 255 255 255 255 255 255 255 255 255 255 255 255 255 255 255 255 255 255 255 255 
255 255 255 255 255 255 255 255 255 255 255 255 255 255 255 255 255 255 255 255 255 255 255 255 255 255 255 255 
255 255 255 255 255 255 255 255 255 255 255 255 255 255 255 255 255 255 255 255 255 255 255 255 255 255 255 255 
255 255 255 255 255 255 255 255 255 255 255 255 255 255 255 255 255 255 255 255 255 255 255 255 255 255 255 255 
175 187 220 251 255 255 255 255 255 255 255 255 255 255 255 255 255 255 255 255 255 255 255 255 255 255 255 255 
52 82 166 244 255 255 255 255 255 255 255 255 255 255 255 255 255 255 255 255 255 255 255 255 255 255 255 255 
52 83 168 247 255 255 255 255 255 255 255 255 255 255 255 255 255 255 255 255 255 255 255 255 255 255 255 255 
175 188 224 255 255 255 255 255 255 255 255 255 255 255 255 255 255 255 255 255 255 255 255 255 255 255 255 255 
255 249 230 217 229 250 255 255 255 255 255 255 255 255 255 255 255 255 255 255 255 255 255 255 255 255 255 255 
255 234 156 104 154 236 255 255 255 255 255 255 255 255 255 255 255 255 255 255 255 255 255 255 255 255 255 255 
255 221 122 55 105 196 234 247 255 255 255 255 255 255 255 255 255 255 255 255 255 255 255 255 255 255 255 255 
255 236 183 139 112 107 144 217 255 255 255 255 255 255 255 255 255 255 255 255 255 255 255 255 255 255 255 255 
255 253 248 232 145 60 80 176 241 247 254 255 255 255 255 255 255 255 255 255 255 255 255 255 255 255 255 255 
255 255 255 255 196 136 110 115 143 195 248 255 255 255 255 255 255 255 255 255 255 255 255 255 255 255 255 255 
255 255 255 254 245 236 172 79 63 153 242 252 248 247 247 247 247 248 250 254 255 255 255 255 255 255 255 255 
255 255 255 255 255 255 215 136 118 182 240 212 167 150 147 146 149 157 196 240 255 255 255 255 255 255 255 255 
255 255 255 255 255 255 245 229 225 239 241 162 67 35 35 36 35 47 128 222 255 255 255 255 255 255 255 255 
255 255 255 255 255 255 255 255 255 255 241 141 31 15 56 66 28 11 100 215 255 255 255 255 255 255 255 255 
255 255 255 255 255 255 255 255 255 255 241 140 36 52 149 172 84 23 99 216 255 255 255 255 255 255 255 255 
255 255 255 255 255 255 255 255 255 255 241 139 38 70 194 223 110 29 98 216 255 255 255 255 255 255 255 255 
