255 216 103 28 99 216 255 255 255 255 255 255 255 255 255 255 255 255 255 255 255 255 255 254 239 142 38 0 
255 223 107 29 98 216 255 255 255 255 255 255 255 255 255 255 255 255 255 255 255 255 232 164 100 51 7 0 
162 137 65 23 102 216 255 255 255 255 255 255 255 255 255 255 255 255 255 255 255 255 221 102 12 33 78 93 
1 1 1 14 108 217 255 255 255 255 255 255 255 255 255 255 255 255 255 255 246 230 186 85 25 103 215 254 
0 0 0 14 108 217 255 255 255 255 255 255 255 255 255 255 255 255 254 254 193 95 29 14 17 112 218 255 
0 0 0 14 108 217 255 255 255 255 255 255 255 255 255 255 255 246 187 117 66 21 18 91 157 203 241 255 
0 0 0 14 108 217 255 255 255 255 255 255 255 255 255 255 255 246 147 31 0 0 33 150 248 255 255 255 
0 0 0 14 108 217 255 255 255 255 255 255 255 255 255 250 235 210 127 33 9 25 67 162 243 255 255 255 
0 0 0 14 108 217 255 255 255 255 255 255 255 255 255 222 128 45 20 5 61 160 226 240 253 255 255 255 
0 0 0 6 103 216 255 255 255 255 255 255 255 255 255 224 108 8 0 0 66 187 255 255 255 255 255 255 
0 8 49 97 162 231 255 255 255 255 255 255 255 234 189 137 64 8 36 78 138 210 255 255 255 255 255 255 
34 67 157 242 254 255 255 255 255 255 253 240 226 160 62 6 20 45 127 221 254 255 255 255 255 255 255 255 
221 226 241 254 255 255 255 255 255 255 243 162 67 25 9 32 127 210 236 251 255 255 255 255 255 255 255 255 
255 255 255 255 255 255 255 255 255 255 248 150 33 0 0 31 147 246 255 255 255 255 255 255 255 255 255 255 
255 255 255 250 212 176 188 235 247 207 158 90 18 21 66 117 187 246 255 255 255 255 255 255 255 255 255 255 
255 255 255 241 141 38 59 162 188 101 15 15 29 95 193 254 254 255 255 255 255 255 255 255 255 255 255 255 
255 255 255 241 146 38 9 25 29 15 13 93 188 230 246 255 255 255 255 255 255 255 255 255 255 255 255 255 
255 255 255 250 216 176 115 40 0 0 14 111 223 255 255 255 255 255 255 255 255 255 255 255 255 255 255 255 
255 255 255 255 255 255 191 73 0 0 15 111 223 255 255 255 255 255 255 255 255 255 255 255 255 255 255 255 
255 255 255 255 255 255 185 70 0 0 12 93 188 230 246 255 255 255 255 255 255 255 255 255 255 255 255 255 
255 255 255 255 254 254 184 71 1 1 2 15 29 95 194 255 255 255 255 255 255 255 255 255 255 255 255 255 
255 255 255 246 178 110 104 142 138 74 9 0 0 65 183 255 255 255 255 255 255 255 255 255 255 255 255 255 
255 255 255 246 178 110 132 216 224 113 9 0 0 70 185 255 255 255 255 255 255 255 255 255 255 255 255 255 
255 255 255 255 254 254 254 255 222 128 45 19 5 69 184 255 255 255 255 255 255 255 255 255 255 255 255 255 
255 255 255 255 255 255 255 255 250 235 210 121 33 64 181 255 255 255 255 255 255 255 255 255 255 255 255 255 
255 255 255 255 255 255 255 255 255 255 247 143 39 63 180 255 255 255 255 255 255 255 255 255 255 255 255 255 
255 255 255 255 255 255 255 255 255 255 241 139 38 63 180 255 255 255 255 255 255 255 255 255 255 255 255 255 
255 255 255 255 255 255 255 255 255 255 241 139 38 63 180 255 255 255 255 255 255 255 255 255 255 255 255 255 
