255 255 255 254 254 254 254 254 249 199 119 50 32 81 161 230 255 255 255 255 255 255 249 200 124 54 8 2 
255 255 226 174 124 109 141 193 236 234 203 176 169 188 219 245 255 255 255 255 255 255 253 234 205 177 160 157 
162 160 144 119 98 103 138 191 238 255 255 255 255 255 255 255 255 255 255 255 255 255 255 255 255 255 255 255 
1 8 53 123 199 248 254 254 255 255 255 255 255 255 255 255 255 255 255 255 255 255 255 255 255 255 255 255 
0 6 52 123 200 250 255 255 255 255 255 255 255 255 255 255 255 255 255 255 255 255 255 255 255 255 255 255 
0 0 45 119 198 249 255 255 255 255 255 255 255 255 255 255 255 255 255 255 255 255 255 255 255 255 255 255 
93 98 127 171 220 251 255 255 255 255 255 255 255 255 255 255 255 255 255 255 255 255 255 255 255 255 255 255 
254 254 254 254 255 255 255 255 255 255 255 255 255 255 255 255 255 255 255 255 255 255 255 255 255 255 255 255 
255 255 255 255 255 255 255 255 255 255 255 255 255 255 255 255 255 255 255 255 255 255 255 255 255 255 255 255 
255 255 255 255 255 255 255 255 255 255 255 255 255 255 255 255 255 255 255 255 255 255 255 255 255 255 255 255 
155 158 175 203 233 253 255 255 255 255 255 255 255 255 255 255 255 255 255 255 255 255 255 255 255 255 255 255 
36 42 81 142 207 250 255 255 255 255 255 255 255 255 255 255 255 255 255 255 255 255 255 255 255 255 255 255 
220 220 227 237 247 254 255 255 255 255 255 255 255 255 255 255 255 255 255 255 255 255 255 255 255 255 255 255 
255 255 255 255 255 255 255 255 255 255 255 255 255 255 255 255 255 255 255 255 255 255 255 255 255 255 255 255 
255 255 255 255 255 255 255 255 255 255 255 255 255 255 255 255 255 255 255 255 255 255 255 255 255 255 255 255 
255 255 255 255 255 255 255 255 254 247 237 227 225 231 242 252 255 255 255 255 255 255 255 255 255 255 255 255 
255 255 255 255 255 255 255 255 250 206 137 77 61 103 173 233 255 254 254 254 254 254 254 254 254 255 255 255 
255 255 255 255 255 255 255 255 249 195 110 36 17 73 160 224 222 176 122 88 84 84 88 121 173 220 250 255 
255 255 255 255 255 255 255 255 251 219 169 124 113 148 201 235 222 176 122 88 84 84 88 121 173 220 250 255 
255 255 255 255 255 255 255 255 255 255 254 254 254 254 255 255 255 254 254 254 254 254 254 254 254 255 255 255 
255 255 255 255 255 255 255 255 255 255 255 255 255 255 255 255 255 255 255 255 255 255 255 255 255 255 255 255 
255 255 255 255 255 255 255 255 255 255 255 255 255 255 255 255 255 255 255 255 255 255 255 255 255 255 255 255 
255 255 255 255 255 255 255 255 255 255 255 255 255 255 255 255 255 255 255 255 255 255 255 255 255 255 255 255 
255 255 255 255 255 255 255 255 255 255 255 255 255 255 255 255 255 255 255 255 255 255 254 247 237 227 220 220 
255 255 255 255 255 255 255 255 255 255 255 255 255 255 255 255 255 255 255 255 255 255 250 207 142 81 42 36 
255 255 255 255 255 255 255 255 255 255 255 255 255 255 255 255 255 255 255 255 255 255 253 233 203 175 158 155 
255 255 255 255 255 255 255 255 255 255 255 255 255 255 255 253 234 203 176 169 188 219 246 255 255 255 255 255 
255 255 255 255 255 255 255 255 255 255 255 255 255 255 255 249 199 119 50 32 81 161 230 255 255 255 255 255 
