0 0 0 0 0 0 0 0 0 0 0 0 0 0 0 0 8 53 111 172 223 252 255 255 255 255 255 255 
20 20 20 20 20 20 20 20 20 20 20 20 20 20 20 20 37 77 128 182 226 252 255 255 255 255 255 255 
95 95 95 95 95 95 95 95 95 95 95 95 95 95 95 95 107 133 169 205 236 254 255 255 255 255 255 255 
191 191 191 191 191 191 191 191 191 191 191 191 191 191 191 191 195 206 220 235 247 255 255 255 255 255 255 255 
252 252 252 252 252 252 252 252 252 252 252 252 252 252 252 252 252 253 253 254 254 251 245 238 231 226 224 224 
255 255 255 255 255 255 255 255 255 255 255 255 255 255 255 255 255 255 255 255 255 240 217 190 165 147 137 137 
255 255 255 255 255 255 255 255 255 255 255 255 255 255 255 255 255 255 255 255 253 229 187 139 95 62 45 45 
255 255 255 255 255 255 255 255 255 255 255 255 255 255 255 255 255 255 255 255 252 223 171 112 58 18 0 0 
255 255 255 255 255 255 255 255 255 255 255 255 255 255 255 255 255 255 255 255 252 222 169 109 54 12 0 0 
255 255 255 255 255 255 255 255 255 255 255 255 255 255 255 255 255 255 255 255 252 223 172 113 59 19 0 0 
255 255 255 255 255 255 255 255 255 255 255 255 255 255 255 255 255 255 255 255 255 227 175 115 61 20 0 0 
255 255 255 255 255 255 255 255 255 255 255 255 255 255 255 255 255 255 255 255 255 231 178 118 62 21 0 0 
255 255 255 255 255 255 255 255 255 255 255 255 255 255 255 255 254 253 250 248 244 215 165 109 58 19 0 0 
255 255 255 255 255 255 255 255 255 255 255 255 255 255 255 255 254 240 221 202 184 154 117 75 37 9 0 0 
255 255 255 255 255 255 255 255 255 255 255 255 255 255 255 255 249 219 178 136 101 70 51 31 12 0 0 0 
255 255 255 255 255 255 255 255 255 255 255 254 252 248 243 239 220 181 132 80 37 13 13 15 17 18 19 19 
255 255 255 255 255 255 255 255 255 255 255 255 243 222 197 176 148 115 77 38 6 0 21 47 71 89 98 98 
255 255 255 255 255 255 255 255 255 255 255 253 226 184 138 97 64 44 29 12 1 16 56 103 146 178 193 193 
255 255 255 255 255 255 255 252 246 239 232 218 185 139 88 42 13 10 16 22 29 58 103 154 200 235 252 252 
255 255 255 255 255 255 255 248 224 196 168 141 111 81 47 17 6 21 49 78 103 134 165 199 230 253 255 255 
255 255 255 255 255 255 255 232 191 143 96 59 37 27 16 6 16 49 96 144 184 213 225 236 246 253 255 255 
255 255 251 244 235 224 213 184 144 95 49 14 0 0 0 0 19 62 119 177 226 254 255 255 255 255 255 255 
255 255 244 223 194 162 133 104 78 50 22 1 0 0 0 0 19 64 122 181 231 255 255 255 255 255 255 255 
255 255 238 202 155 104 59 30 21 14 7 2 0 0 0 0 19 62 118 176 225 253 255 255 255 255 255 255 
255 255 235 193 139 79 27 0 0 0 0 0 0 0 0 0 19 62 118 176 224 252 255 255 255 255 255 255 
255 255 235 193 138 78 26 0 0 0 0 0 0 0 0 0 19 62 118 176 224 252 255 255 255 255 255 255 
255 255 235 195 141 83 32 3 0 0 0 0 0 0 0 0 19 62 118 176 224 252 255 255 255 255 255 255 
255 255 235 195 141 83 32 3 0 0 0 0 0 0 0 0 19 62 118 176 224 252 255 255 255 255 255 255 
