255 255 226 163 91 38 36 84 155 219 254 255 255 255 255 255 255 255 255 255 255 255 255 255 255 255 255 255 
195 194 168 121 68 28 35 86 157 220 254 255 255 255 255 255 255 255 255 255 255 255 255 255 255 255 255 255 
64 64 55 40 22 10 35 91 160 220 254 255 255 255 255 255 255 255 255 255 255 255 255 255 255 255 255 255 
0 0 0 0 0 1 34 94 162 221 254 255 255 255 255 255 255 255 255 255 255 255 255 255 255 255 255 255 
0 0 0 0 0 1 34 93 162 221 254 255 255 255 255 255 255 255 255 255 255 255 255 255 255 255 255 255 
0 0 0 0 0 1 34 93 162 221 254 255 255 255 255 255 255 255 255 255 255 255 255 255 255 255 255 255 
0 0 0 0 0 1 34 93 162 221 254 255 255 255 255 255 255 255 255 255 255 255 255 255 255 255 255 255 
0 0 0 0 0 1 34 93 162 221 254 255 255 255 255 255 255 255 255 255 255 255 255 255 255 255 255 255 
0 0 0 0 0 1 34 93 162 221 254 255 255 255 255 255 255 255 255 255 255 255 255 255 255 255 255 255 
0 0 0 0 0 1 34 93 162 221 254 255 255 255 255 255 255 255 255 255 255 255 255 255 255 255 255 255 
0 0 0 0 0 1 34 93 162 221 254 255 255 255 255 255 255 255 255 255 255 255 255 255 255 255 255 255 
0 0 0 0 0 1 35 95 164 224 255 255 255 255 255 255 255 255 255 255 255 255 255 255 255 255 255 255 
0 0 0 0 0 1 35 96 165 226 255 255 255 255 255 255 255 255 255 255 255 255 255 255 255 255 255 255 
0 0 0 0 0 1 26 69 120 164 189 190 190 190 199 214 231 246 255 255 255 255 255 255 255 255 255 255 
0 0 0 0 0 0 7 20 35 48 55 56 56 57 82 129 182 228 254 255 255 255 255 255 255 255 255 255 
0 0 0 0 0 0 7 20 35 48 55 56 56 57 82 129 182 228 254 255 255 255 255 255 255 255 255 255 
0 0 0 0 0 1 26 69 120 164 189 190 190 190 199 214 231 246 255 255 255 255 255 255 255 255 255 255 
0 0 0 0 0 1 35 96 165 226 255 255 255 255 255 255 255 255 255 255 255 255 250 234 217 202 194 193 
0 0 0 0 0 1 35 95 164 224 255 255 255 255 255 255 255 255 255 255 255 255 233 185 132 89 63 62 
0 0 0 0 0 0 31 91 160 220 254 255 255 255 255 255 255 255 250 235 217 201 166 116 62 18 0 0 
0 0 0 0 0 0 29 90 159 220 254 255 255 255 255 255 255 255 234 188 135 88 53 34 15 0 0 0 
0 0 5 19 37 54 88 134 187 232 255 255 255 255 250 235 217 201 166 119 65 18 1 18 36 52 61 62 
0 0 21 65 117 166 202 218 236 252 255 255 255 255 234 188 135 88 52 35 16 0 19 68 122 166 192 193 
62 63 89 133 187 236 254 239 220 203 193 192 191 189 163 117 63 18 0 16 35 52 89 138 190 234 255 255 
193 194 203 219 237 254 237 190 136 89 62 59 58 56 47 32 14 0 18 65 119 166 201 218 236 250 255 255 
255 255 251 236 218 199 164 119 66 21 4 18 35 50 59 61 62 65 91 136 189 234 255 255 255 255 255 255 
255 255 232 188 136 87 52 37 20 5 23 68 120 165 191 193 194 195 203 218 235 250 255 255 255 255 255 255 
255 253 219 162 93 29 0 0 0 0 35 96 167 227 255 255 255 255 255 255 255 255 255 255 255 255 255 255 
