255 255 246 219 178 128 79 42 28 46 84 134 185 227 251 255 255 255 255 243 212 167 118 73 35 9 0 0 
255 255 246 219 178 128 79 42 28 46 84 134 185 227 251 255 255 255 255 243 212 167 118 73 35 9 0 0 
255 255 246 219 178 128 79 42 28 46 84 134 185 227 251 255 255 255 255 243 212 167 118 73 35 9 0 0 
254 246 232 208 171 128 85 52 41 58 95 142 189 228 251 255 255 255 255 244 215 172 126 83 48 23 9 0 
228 222 211 192 162 127 93 67 60 77 111 153 196 231 252 255 255 255 255 245 218 180 139 100 67 45 32 25 
194 190 183 170 149 126 103 87 86 103 132 169 205 234 252 255 255 255 255 246 224 191 155 121 94 75 63 57 
154 152 149 144 135 124 115 111 116 133 158 187 215 238 253 255 255 255 255 248 230 203 174 147 125 109 100 95 
110 111 113 116 119 123 129 137 149 165 185 206 227 243 253 255 255 255 255 250 236 216 195 175 158 147 140 136 
67 71 77 88 103 121 142 163 181 197 212 226 238 247 254 255 255 255 255 252 243 230 216 202 191 184 180 177 
28 34 45 63 89 120 154 186 210 226 236 243 248 251 254 255 255 255 255 253 248 242 234 227 221 217 215 214 
0 8 22 45 79 119 163 203 230 244 248 248 244 242 242 245 248 250 252 253 253 251 248 245 243 241 240 240 
0 0 9 35 73 120 168 212 240 250 249 240 229 221 221 225 232 240 247 252 255 255 255 255 255 255 255 255 
0 0 9 35 74 121 170 212 238 243 235 219 202 190 190 198 211 226 240 250 255 255 255 255 255 255 255 255 
0 0 9 35 75 122 171 213 236 235 219 194 170 155 154 166 186 210 232 247 255 255 255 255 255 255 255 255 
0 0 9 35 76 124 172 213 233 227 203 170 139 119 118 135 162 194 223 245 255 255 255 255 255 255 255 255 
0 0 9 35 76 125 173 213 231 219 189 149 112 88 87 108 141 180 216 243 255 255 255 255 255 255 255 255 
0 0 9 36 77 125 174 213 229 214 179 134 92 66 65 88 126 170 211 241 255 255 255 255 255 255 255 255 
0 0 8 34 73 119 165 201 216 201 166 122 81 56 57 81 121 166 209 240 255 255 255 255 255 255 255 255 
0 0 7 30 65 106 147 180 194 183 153 116 83 63 66 90 128 171 212 241 255 255 255 255 255 255 255 255 
0 0 6 25 54 88 123 151 165 160 141 116 94 83 89 112 146 183 217 243 255 255 255 255 255 255 255 255 
0 0 5 20 41 68 95 119 134 136 129 120 112 111 120 141 169 198 225 245 255 255 255 255 255 255 255 255 
0 0 4 14 29 47 67 86 102 112 119 125 132 141 155 173 194 215 234 248 255 255 255 255 255 255 255 255 
0 0 2 9 17 28 41 56 72 90 110 131 152 171 188 204 218 231 242 250 255 255 255 255 255 255 255 255 
0 0 1 4 7 12 19 31 48 72 103 137 169 197 217 230 239 245 249 252 255 255 255 255 255 255 255 255 
0 0 1 1 0 0 3 11 29 58 98 140 182 216 238 250 255 255 254 254 255 255 255 255 255 255 255 255 
0 0 0 0 0 0 0 0 17 49 93 142 189 227 251 255 255 255 255 255 255 255 255 255 255 255 255 255 
0 0 0 0 0 0 0 0 17 49 93 142 189 227 251 255 255 255 255 255 255 255 255 255 255 255 255 255 
0 0 0 0 0 0 0 0 17 49 93 142 189 227 251 255 255 255 255 255 255 255 255 255 255 255 255 255 
