0 49 167 254 255 255 255 255 255 255 255 255 255 255 255 255 255 255 255 255 255 255 255 255 255 255 255 255 
0 49 167 254 255 255 255 255 255 255 255 255 255 255 255 255 255 255 255 255 255 255 255 255 255 255 255 255 
0 49 167 254 255 255 255 255 255 255 255 255 255 255 255 255 255 255 255 255 255 255 255 255 255 255 255 255 
0 49 167 254 255 255 255 255 255 255 255 255 255 255 255 255 255 255 255 255 255 255 255 255 255 255 255 255 
0 50 172 255 255 255 255 255 255 255 255 255 255 255 255 255 255 255 255 255 255 255 255 255 255 255 255 255 
0 45 155 237 247 254 255 255 255 255 255 255 255 255 255 255 255 255 255 255 255 255 255 255 255 255 255 255 
0 15 52 103 184 250 255 255 255 255 255 255 255 255 255 255 255 255 255 255 255 255 255 255 255 255 255 255 
0 0 0 27 149 247 255 255 255 255 255 255 255 255 255 255 255 255 255 255 255 255 255 255 255 255 255 255 
0 0 0 34 152 247 255 255 255 255 255 255 255 255 255 255 255 255 255 255 255 255 255 255 255 255 255 255 
0 0 0 34 152 247 255 255 255 255 255 255 255 255 255 255 255 255 255 255 255 255 255 255 255 255 255 255 
0 0 0 35 154 250 255 255 255 255 255 255 255 255 255 255 255 255 255 255 255 255 255 255 255 255 255 255 
0 0 0 34 150 245 254 255 255 255 254 253 252 252 252 252 252 252 252 252 252 252 252 253 255 255 255 255 
0 0 0 16 70 127 194 255 255 255 211 141 118 118 116 111 108 108 108 108 108 108 113 172 243 255 255 255 
45 37 16 0 0 16 108 196 210 207 131 30 0 0 6 29 43 43 43 43 43 43 48 108 186 223 247 255 
210 170 72 1 0 2 22 42 45 45 27 4 0 0 43 145 208 208 208 208 208 208 202 135 66 110 214 255 
255 214 91 1 0 0 0 0 0 0 32 96 118 118 151 221 255 255 255 255 255 255 255 197 130 114 130 137 
255 206 88 1 0 0 0 1 13 31 112 216 252 252 253 254 255 255 255 255 255 255 255 254 251 166 50 3 
255 206 88 1 0 0 0 4 82 173 217 248 255 255 255 255 255 255 255 255 255 255 255 255 255 168 46 0 
255 206 88 1 0 8 51 100 172 246 255 255 255 255 255 255 255 255 255 255 255 255 255 255 255 172 50 0 
255 206 88 0 0 21 127 230 249 254 255 255 255 255 255 255 255 255 255 255 255 255 254 247 237 155 45 0 
255 206 88 0 0 22 135 243 255 255 255 255 255 255 255 255 255 255 255 255 255 255 255 189 104 49 8 0 
255 205 84 0 0 22 133 238 255 255 255 255 255 255 255 255 255 255 255 255 255 220 177 99 12 18 62 79 
255 208 94 9 4 22 132 238 255 255 255 255 255 255 255 255 255 255 254 249 231 136 38 15 11 88 193 236 
255 236 191 134 52 19 127 246 255 255 255 255 255 255 255 255 255 255 246 172 98 43 0 54 134 193 242 255 
255 255 255 233 135 79 121 181 190 190 191 193 193 193 193 191 190 190 168 78 4 25 61 142 234 255 255 255 
255 255 255 251 236 209 124 46 34 34 33 31 31 31 32 33 34 34 30 16 18 109 206 237 252 255 255 255 
255 255 255 255 255 252 196 142 133 131 82 15 0 0 24 92 133 133 134 138 149 200 252 255 255 255 255 255 
255 255 255 255 255 255 255 255 255 253 163 42 0 0 58 182 255 255 255 255 255 255 255 255 255 255 255 255 
