255 255 255 255 255 255 255 212 119 31 0 0 0 0 0 0 0 0 0 0 0 43 138 226 255 255 255 255 
255 255 255 255 248 207 163 115 61 11 21 67 104 114 114 114 114 114 114 114 114 117 124 131 133 133 133 133 
255 253 244 232 197 122 41 7 18 29 84 167 236 252 252 252 252 252 252 252 252 213 135 60 34 34 34 34 
255 240 183 110 54 29 3 26 100 169 209 234 254 255 255 255 255 255 255 255 255 246 222 198 190 190 190 190 
255 234 154 55 6 37 78 128 188 244 255 255 255 255 255 255 255 255 255 255 255 255 255 255 255 255 255 255 
255 235 154 59 33 104 200 247 250 254 255 255 255 255 255 255 255 255 255 255 255 255 255 255 255 255 255 255 
255 243 158 60 35 111 212 255 255 255 255 255 255 255 255 255 255 255 255 255 255 255 255 255 255 255 255 255 
176 162 106 40 33 111 208 255 255 255 255 255 255 255 255 255 255 255 255 255 255 255 255 255 255 255 255 255 
19 18 11 4 31 117 210 255 255 255 255 255 255 255 255 255 255 255 255 255 255 255 255 255 255 255 255 255 
0 0 0 0 31 118 210 255 255 255 255 255 255 255 255 255 255 255 255 255 255 255 255 255 255 255 255 255 
62 57 37 14 32 115 209 255 255 255 255 255 255 255 255 255 255 255 255 255 255 255 255 255 255 255 255 255 
224 206 135 51 33 110 208 255 255 255 255 255 255 255 255 255 255 255 255 255 255 255 255 255 255 255 255 255 
255 243 158 60 35 112 215 255 255 255 255 255 255 255 255 255 255 255 255 255 255 255 255 255 255 255 255 255 
255 235 155 60 28 89 171 219 237 251 247 229 213 209 208 208 208 208 208 208 208 216 234 251 255 255 255 255 
255 235 159 63 8 19 37 85 167 229 211 133 61 45 44 43 43 43 43 43 43 81 159 231 255 255 255 255 
255 235 160 65 1 0 0 17 71 111 97 43 0 22 69 104 108 108 108 108 108 111 115 128 160 210 253 255 
255 235 160 64 3 0 0 6 18 30 33 32 40 100 183 244 252 252 252 252 252 212 127 62 77 147 209 224 
255 235 160 64 2 0 0 34 102 167 191 192 196 214 238 255 255 255 255 255 255 246 219 197 156 107 71 62 
255 235 160 64 2 0 0 47 142 232 255 255 255 255 255 255 255 255 255 255 255 255 255 255 195 93 12 0 
255 235 160 64 2 0 0 45 137 224 255 255 255 255 255 255 255 255 255 255 255 255 255 252 191 95 20 0 
255 235 160 65 1 0 0 39 134 223 255 255 255 255 255 255 255 255 255 255 255 255 255 255 197 98 20 0 
255 235 156 58 8 33 68 115 177 234 255 255 255 255 255 255 255 255 255 255 255 245 215 184 130 62 9 0 
255 236 158 67 39 101 186 231 241 251 255 255 255 255 255 255 255 255 254 250 247 205 123 46 17 13 11 10 
255 247 216 179 151 124 112 130 181 236 255 255 255 255 255 255 255 255 244 188 128 78 37 0 27 93 143 157 
255 255 255 255 227 128 36 35 124 222 255 255 255 255 255 254 232 206 166 98 26 3 29 54 112 187 245 255 
255 255 255 255 224 130 45 45 130 223 254 253 252 252 252 236 168 87 32 19 8 41 122 197 232 244 253 255 
255 255 255 255 241 199 161 161 199 239 221 168 124 114 114 115 121 129 134 137 140 163 207 248 255 255 255 255 
255 255 255 255 255 255 255 255 255 253 193 96 16 0 0 17 97 195 255 255 255 255 255 255 255 255 255 255 
