255 255 255 253 250 248 248 188 60 0 0 0 0 0 0 0 0 60 188 250 253 255 255 255 255 255 255 255 
255 255 255 210 105 54 52 38 9 0 0 0 0 0 0 0 0 10 41 105 210 255 255 255 255 255 255 255 
255 222 133 64 10 27 118 162 165 166 166 166 166 166 166 166 166 123 29 10 64 131 222 255 255 255 255 255 
127 95 26 24 95 160 231 255 255 255 255 255 255 255 255 255 255 231 160 92 17 17 93 158 224 255 255 255 
0 0 0 64 200 255 255 255 255 255 255 255 255 255 255 255 255 255 255 222 131 64 13 53 190 255 255 255 
0 0 0 62 193 255 255 255 255 255 255 255 255 255 255 255 255 255 255 255 255 193 57 55 190 255 255 255 
0 0 0 62 193 255 255 255 255 255 255 255 255 255 255 255 255 255 255 255 255 190 56 56 190 255 255 255 
0 0 0 62 193 255 255 255 255 255 255 255 255 255 255 255 255 255 255 254 250 185 54 56 190 255 255 255 
0 0 0 62 193 255 255 255 255 255 255 255 255 255 255 255 255 255 255 210 103 39 8 57 192 255 255 255 
0 0 0 62 193 255 255 255 255 255 255 255 255 255 255 255 255 213 122 57 8 29 123 188 234 255 255 255 
0 0 0 62 193 255 255 255 255 255 255 255 255 255 255 255 255 222 152 121 125 160 231 255 255 255 255 255 
0 0 0 62 193 255 255 255 255 255 255 255 255 255 255 255 255 255 255 255 255 255 255 255 255 255 255 255 
0 0 0 62 196 255 255 255 255 255 255 255 255 255 255 255 255 255 255 255 255 255 255 255 255 255 255 255 
0 0 0 56 175 236 249 255 255 255 255 255 255 255 255 255 255 255 255 255 255 255 255 255 255 255 255 255 
6 5 2 6 19 80 199 255 255 255 255 255 255 255 255 255 255 255 255 255 255 255 255 255 255 255 255 255 
202 154 51 0 0 59 193 255 255 255 255 255 255 255 255 255 255 255 255 255 255 255 255 255 255 255 255 255 
255 200 66 0 0 64 200 255 255 255 255 222 131 86 82 80 80 80 80 82 86 131 222 255 255 255 255 255 
255 193 58 0 0 31 97 127 127 127 127 92 17 15 86 119 119 119 119 86 15 15 86 154 229 255 255 255 
255 216 131 67 21 0 0 0 0 0 0 10 64 131 222 255 255 255 255 222 131 86 82 98 138 183 236 255 
255 255 255 196 60 0 0 0 0 11 40 103 210 255 255 255 255 255 255 255 255 255 255 206 95 83 163 202 
255 255 255 199 80 18 5 5 18 79 195 250 254 255 255 255 255 255 255 255 255 255 255 254 251 188 63 6 
255 255 255 249 236 171 50 50 171 236 249 255 255 255 255 255 255 255 255 255 255 255 255 254 251 188 63 6 
255 255 255 255 255 192 56 56 192 255 255 255 255 255 255 255 255 255 255 255 255 255 255 207 98 86 164 202 
255 255 255 255 255 196 57 55 190 255 255 255 255 255 255 255 255 255 255 255 255 222 131 62 8 52 195 255 
255 255 255 224 158 95 28 61 198 255 255 255 255 255 255 255 255 231 160 127 127 92 17 17 93 160 225 255 
255 255 255 190 50 0 0 36 125 166 166 166 166 166 166 166 166 123 29 0 0 10 64 131 222 255 255 255 
255 255 255 207 104 55 55 41 10 0 0 0 0 0 0 0 0 10 41 55 55 105 210 255 255 255 255 255 
255 255 255 253 250 248 248 188 60 0 0 0 0 0 0 0 0 60 188 248 248 250 253 255 255 255 255 255 
