0 51 175 220 112 11 3 3 3 3 3 3 3 3 60 181 255 255 255 255 255 255 255 255 255 255 255 255 
0 49 170 242 208 175 172 172 172 172 172 172 172 172 191 231 255 255 255 255 255 255 255 255 255 255 255 255 
0 48 167 255 255 255 255 255 255 255 255 255 255 255 255 255 255 255 255 255 255 255 255 255 255 255 255 255 
0 49 167 254 255 255 255 255 255 255 255 255 255 255 255 255 255 255 255 255 255 255 255 255 255 255 255 255 
0 49 167 254 255 255 255 255 255 255 255 255 255 255 255 255 255 255 255 255 255 255 255 255 255 255 255 255 
0 49 167 254 255 255 255 255 255 255 255 255 255 255 255 255 255 255 255 255 255 255 255 255 255 255 255 255 
0 49 167 254 255 255 255 255 255 255 255 255 255 255 255 255 255 255 255 255 255 255 255 255 255 255 255 255 
0 44 170 255 255 255 255 255 255 255 255 255 255 255 255 255 255 255 255 255 255 255 255 255 255 255 255 255 
45 76 152 215 235 254 255 255 255 255 255 255 255 255 255 255 255 255 255 255 255 255 255 255 255 255 255 255 
236 192 86 52 153 248 255 255 255 255 255 255 255 255 255 255 255 255 255 255 255 255 255 255 255 255 255 255 
255 206 78 33 143 247 255 255 255 255 255 255 255 255 255 255 255 255 255 255 255 255 255 255 255 255 255 255 
255 204 79 36 145 247 255 255 255 255 255 255 255 255 255 255 255 255 255 255 255 255 255 255 255 255 255 255 
255 204 79 36 145 247 255 255 255 255 255 255 255 255 255 255 255 255 255 255 255 255 255 255 255 255 255 255 
255 204 79 36 145 247 255 255 255 255 255 255 255 255 255 255 255 255 255 255 255 255 255 255 255 255 255 255 
255 204 79 36 145 247 255 255 255 255 254 253 252 252 252 252 252 252 252 252 252 252 252 253 255 255 255 255 
255 204 79 36 145 247 255 255 255 255 196 109 77 73 71 71 71 71 71 71 71 71 77 149 237 255 255 255 
255 204 79 36 144 248 255 255 208 148 81 8 19 80 108 108 108 108 108 108 108 108 109 113 127 168 230 255 
255 204 79 37 149 245 227 188 104 13 16 50 120 216 255 255 255 255 255 255 255 255 255 172 84 119 218 255 
255 204 80 34 142 209 126 25 14 21 102 208 248 253 255 255 255 255 255 255 255 255 255 251 246 242 238 236 
255 206 86 8 27 40 21 9 90 187 227 249 255 255 255 255 255 255 255 255 255 255 255 255 255 184 86 45 
255 207 88 0 0 0 73 151 203 251 255 255 255 255 255 255 255 255 255 255 255 255 255 255 255 168 37 0 
255 206 85 14 56 109 184 253 255 255 255 255 255 255 255 255 255 255 255 255 255 255 255 217 171 133 108 98 
255 204 78 34 145 249 255 255 255 255 255 255 255 255 255 255 255 255 255 255 254 234 207 117 26 79 205 255 
255 206 86 44 149 247 255 255 255 255 255 255 255 255 253 248 245 245 245 245 230 136 38 15 11 94 208 255 
255 243 213 203 232 255 255 255 255 255 255 255 255 255 216 120 62 62 61 58 52 24 2 72 166 215 243 255 
255 255 255 242 171 114 113 117 118 118 114 110 108 108 80 19 0 0 0 64 123 133 141 188 246 255 255 255 
255 255 255 231 148 74 32 0 0 0 22 62 75 75 77 81 83 83 103 183 255 255 255 255 255 255 255 255 
255 255 255 255 253 230 121 16 0 4 92 211 252 252 252 252 252 252 252 254 255 255 255 255 255 255 255 255 
