255 248 200 123 51 31 80 160 230 255 255 255 255 255 255 255 255 255 255 255 255 255 255 255 255 255 255 255 
255 251 202 124 52 31 80 160 230 255 255 255 255 255 255 255 255 255 255 255 255 255 255 255 255 255 255 255 
255 255 206 127 53 31 80 160 230 255 255 255 255 255 255 255 255 255 255 255 255 255 255 255 255 255 255 255 
221 215 173 107 44 30 81 161 230 255 255 255 255 255 255 255 255 255 255 255 255 255 255 255 255 255 255 255 
103 100 81 50 21 27 85 164 230 255 255 255 255 255 255 255 255 255 255 255 255 255 255 255 255 255 255 255 
8 7 6 4 2 25 88 166 230 255 255 255 255 255 255 255 255 255 255 255 255 255 255 255 255 255 255 255 
0 0 0 0 0 24 89 167 230 255 255 255 255 255 255 255 255 255 255 255 255 255 255 255 255 255 255 255 
12 12 9 6 2 25 88 166 230 255 255 255 255 255 255 255 255 255 255 255 255 255 255 255 255 255 255 255 
113 110 88 54 22 28 87 169 237 255 255 255 255 255 255 255 255 255 255 255 255 255 255 255 255 255 255 255 
227 221 178 110 46 30 79 158 226 252 253 254 255 255 255 255 255 255 255 255 255 255 255 255 255 255 255 255 
255 255 208 131 55 22 50 101 148 181 208 236 253 255 255 255 255 255 255 255 255 255 255 255 255 255 255 255 
255 250 204 131 55 10 13 26 42 86 148 210 250 255 255 255 255 255 255 255 255 255 255 255 255 255 255 255 
255 248 203 132 56 5 0 0 0 48 126 204 254 255 255 255 255 255 255 255 255 255 255 255 255 255 255 255 
255 248 203 132 56 5 0 0 3 52 128 205 254 255 255 255 255 255 255 255 255 255 255 255 255 255 255 255 
255 248 202 130 53 3 0 0 4 41 97 154 190 194 194 194 194 194 194 201 217 236 252 255 255 255 255 255 
255 248 201 128 49 0 0 0 1 14 34 53 65 67 67 67 67 67 67 86 135 195 244 255 255 255 255 255 
255 249 212 153 89 44 27 14 5 8 19 31 39 40 40 40 40 40 40 57 100 152 195 212 213 213 213 213 
255 253 238 214 189 156 107 53 20 29 72 121 151 155 155 155 155 155 155 148 130 109 91 86 89 92 93 93 
255 254 248 239 229 201 139 70 27 48 118 196 245 251 251 251 251 251 251 229 175 108 53 26 18 10 5 4 
255 251 226 186 143 104 70 35 17 53 128 207 255 255 255 255 255 255 255 251 218 179 143 103 61 21 0 0 
255 249 209 146 78 31 18 9 8 53 126 201 249 255 255 255 255 255 255 254 251 247 238 190 117 50 6 0 
255 251 226 187 144 105 68 30 9 44 119 199 249 255 255 255 255 255 255 255 255 255 255 212 128 49 0 0 
255 254 250 244 238 211 149 78 36 56 124 201 249 255 255 255 255 255 255 254 252 250 242 195 123 57 14 8 
255 255 255 255 255 248 204 153 122 133 177 227 255 255 255 255 255 255 255 251 219 182 155 134 119 110 104 103 
255 255 255 255 255 253 243 232 225 227 236 246 253 254 254 254 254 254 254 232 172 104 61 72 124 180 216 221 
255 255 255 255 255 255 255 255 255 243 216 187 170 167 167 167 167 167 167 158 132 104 92 117 169 224 255 255 
255 255 255 255 255 255 255 255 252 214 153 92 54 49 49 49 49 49 49 64 101 148 190 215 230 246 255 255 
255 255 255 255 255 255 255 255 249 200 123 46 0 0 0 0 0 0 0 18 86 169 237 255 255 255 255 255 
