255 255 255 255 255 255 255 255 255 255 255 255 245 170 71 29 89 190 252 255 255 255 255 255 255 255 255 255 
255 255 255 255 255 255 255 255 255 253 221 167 119 75 31 13 39 83 128 178 230 255 255 255 255 255 255 255 
255 255 255 255 255 255 255 255 255 252 192 94 13 0 0 0 0 0 25 114 208 255 255 255 255 255 255 255 
255 255 255 255 255 255 255 255 255 252 193 98 19 0 0 0 0 0 31 118 210 255 255 255 255 255 255 255 
255 255 255 255 255 255 255 255 255 255 199 101 20 0 0 0 0 0 31 118 210 255 255 255 255 255 255 255 
255 255 255 255 255 255 255 236 197 159 112 57 11 0 0 0 0 0 24 113 208 255 255 255 255 255 255 255 
255 255 255 255 255 255 255 210 118 31 0 0 0 0 0 3 15 29 64 138 216 255 255 255 255 255 255 255 
255 255 255 255 255 255 255 209 117 30 0 0 0 0 0 16 84 165 219 235 248 255 255 255 255 255 255 255 
255 255 255 255 255 255 255 210 118 31 0 0 0 0 0 20 101 199 255 255 255 255 255 255 255 255 255 255 
255 255 255 255 255 255 255 214 120 32 0 0 0 0 0 15 95 192 252 255 255 255 255 255 255 255 255 255 
255 255 255 255 253 248 243 198 111 29 0 0 1 4 10 32 107 197 252 255 255 255 255 255 255 255 255 255 
255 255 255 255 233 170 103 58 32 9 0 0 7 57 127 183 212 238 254 255 255 255 255 255 255 255 255 255 
255 255 255 255 223 133 38 0 0 0 0 0 10 82 182 253 255 255 255 255 255 255 255 255 255 255 255 255 
255 255 255 255 225 138 46 0 0 0 0 0 10 79 176 245 255 255 255 255 255 255 255 255 255 255 255 255 
255 255 255 255 224 137 45 0 0 0 0 0 10 79 176 245 255 255 255 255 255 255 255 255 255 255 255 255 
255 244 200 145 96 58 19 0 0 0 0 0 10 82 182 253 255 255 255 255 255 255 255 255 255 255 255 255 
255 235 158 59 0 0 0 0 0 0 0 0 7 57 127 183 214 242 255 255 255 255 255 255 255 255 255 255 
255 235 160 64 3 0 0 0 0 0 0 0 1 4 10 31 101 186 238 241 241 241 241 241 244 250 254 255 
255 235 160 64 3 0 0 0 0 0 0 0 0 0 0 0 17 45 62 63 63 63 63 65 113 188 247 255 
255 242 165 66 3 0 0 0 0 0 20 63 99 108 108 107 104 101 99 99 99 99 99 99 111 129 143 147 
217 200 136 55 2 0 0 7 20 36 90 171 239 255 255 255 255 255 255 255 255 255 255 253 191 94 19 0 
38 35 24 10 0 0 0 39 117 191 227 241 254 255 255 255 255 255 255 255 255 255 255 254 191 94 19 0 
0 0 0 0 0 0 0 39 137 230 255 255 255 255 255 255 255 255 255 255 255 228 170 126 114 129 144 147 
0 0 0 0 4 30 57 103 170 233 255 255 255 255 255 255 255 255 255 255 255 209 104 24 51 153 241 255 
14 14 14 14 42 119 201 243 248 253 255 255 255 255 255 255 255 255 253 248 243 198 110 44 69 159 236 255 
185 185 185 185 194 219 246 255 255 255 255 255 255 255 255 255 255 255 237 164 97 82 120 170 201 227 249 255 
255 255 255 255 255 255 255 255 255 254 228 186 151 143 143 143 143 143 137 120 109 130 185 244 255 255 255 255 
255 255 255 255 255 255 255 255 255 252 193 98 19 0 0 0 0 0 31 118 210 255 255 255 255 255 255 255 
