255 255 255 255 255 255 255 255 255 255 255 255 255 255 255 255 255 255 255 255 185 70 0 0 14 108 210 246 
255 255 255 255 255 255 255 255 255 255 255 255 255 255 255 255 255 255 255 255 186 71 0 0 2 18 36 42 
255 255 255 255 255 255 255 255 255 255 255 255 255 255 255 255 255 244 175 94 48 18 0 0 10 81 157 185 
255 255 255 255 255 255 255 255 255 255 255 255 255 255 255 255 255 248 150 33 0 0 0 0 7 110 222 255 
255 255 255 255 255 255 255 255 255 255 255 255 255 255 255 243 182 124 71 18 0 0 20 76 132 186 237 255 
255 255 255 255 255 255 255 255 255 255 255 255 255 227 180 128 59 0 0 0 0 0 33 149 249 255 255 255 
255 255 255 255 255 255 255 255 255 255 255 255 255 186 66 0 0 0 0 0 17 53 102 179 245 255 255 255 
255 255 255 255 255 255 255 255 255 255 255 236 213 149 57 0 0 3 21 42 107 201 255 255 255 255 255 255 
255 255 255 255 255 255 255 255 251 239 216 133 38 3 1 0 0 13 106 213 252 254 255 255 255 255 255 255 
255 255 255 255 255 255 255 255 220 117 29 10 2 0 0 2 7 25 115 219 255 255 255 255 255 255 255 255 
255 255 255 255 255 255 255 254 216 107 13 0 0 0 1 34 128 210 235 250 255 255 255 255 255 255 255 255 
255 255 255 255 255 255 204 113 49 24 3 0 0 54 143 207 233 255 255 255 255 255 255 255 255 255 255 255 
255 255 255 245 183 109 59 19 0 0 0 0 0 66 187 255 255 255 255 255 255 255 255 255 255 255 255 255 
255 255 255 249 149 32 0 0 0 0 0 55 120 173 224 255 255 255 255 255 255 255 255 255 255 255 255 255 
255 238 192 141 82 21 0 0 17 65 115 177 242 255 255 255 255 255 255 255 255 255 255 255 255 255 255 255 
255 216 107 7 0 0 0 0 40 155 254 255 255 255 255 255 255 255 255 255 255 255 255 255 255 255 255 255 
255 220 114 14 0 0 0 0 29 114 187 198 198 198 198 198 198 201 223 249 255 255 255 255 255 255 255 255 
221 188 97 12 0 0 0 0 0 0 0 0 0 0 0 0 0 12 93 187 220 220 226 241 254 255 255 255 
12 10 5 1 0 0 5 12 17 17 17 17 17 17 17 17 17 17 22 27 24 16 46 143 227 246 253 255 
0 0 0 0 2 4 66 166 227 227 227 227 227 227 227 227 227 227 227 227 165 65 7 17 39 128 221 255 
0 0 0 11 87 175 220 243 255 255 255 255 255 255 255 255 255 255 255 255 243 220 174 78 23 104 216 255 
180 151 68 18 99 219 255 255 255 255 255 255 255 255 255 255 255 255 255 255 255 255 226 104 29 103 216 255 
255 245 197 164 192 239 255 255 255 255 255 255 255 255 255 255 255 255 255 255 220 147 86 34 12 103 215 255 
255 255 255 255 255 255 255 255 255 255 255 255 255 255 255 255 255 255 208 152 91 24 3 64 122 181 235 255 
255 255 255 255 255 255 255 255 255 255 255 255 255 234 189 162 162 152 87 11 14 63 119 192 254 255 255 255 
255 255 255 255 255 255 255 255 255 255 255 230 200 134 44 0 0 0 22 54 120 208 255 255 255 255 255 255 
255 255 255 255 255 255 243 224 212 212 200 122 30 11 31 43 43 55 133 225 255 255 255 255 255 255 255 255 
255 255 255 255 255 255 187 77 9 9 8 5 1 68 178 246 246 247 250 254 255 255 255 255 255 255 255 255 
