255 255 255 255 255 255 255 255 255 255 255 255 234 168 87 21 0 0 0 0 0 0 2 53 132 205 252 255 
255 255 255 255 255 252 225 193 166 154 152 150 144 131 116 104 99 99 99 99 99 99 101 110 125 138 147 148 
255 255 252 247 242 217 160 91 34 15 20 25 49 103 168 222 243 243 243 243 243 243 238 196 132 72 34 28 
255 255 229 182 130 87 55 22 0 20 70 119 161 192 225 251 255 255 255 255 255 255 255 238 207 177 158 155 
198 192 156 100 39 5 17 36 56 100 159 218 255 255 255 255 255 255 255 255 255 255 255 255 255 255 255 255 
42 40 33 21 8 20 73 139 194 223 235 248 255 255 255 255 255 255 255 255 255 255 255 255 255 255 255 255 
0 0 0 0 0 25 92 172 238 255 255 255 255 255 255 255 255 255 255 255 255 255 255 255 255 255 255 255 
0 0 0 0 0 25 89 166 230 255 255 255 255 255 255 255 255 255 255 255 255 255 255 255 255 255 255 255 
0 0 0 0 0 25 89 166 230 255 255 255 255 255 255 255 255 255 255 255 255 255 255 255 255 255 255 255 
0 0 0 0 0 21 86 165 230 255 255 255 255 255 255 255 255 255 255 255 255 255 255 255 255 255 255 255 
0 0 0 1 1 26 89 167 230 255 255 255 255 255 255 255 255 255 255 255 255 255 255 255 255 255 255 255 
0 3 25 59 96 132 169 209 242 255 255 255 255 255 255 255 255 255 255 255 255 255 255 255 255 255 255 255 
0 7 51 121 196 245 252 253 255 255 255 255 255 255 255 255 255 255 255 255 255 255 255 255 255 255 255 255 
0 7 53 126 203 253 255 255 255 255 255 255 255 255 255 255 255 255 255 255 255 255 255 255 255 255 255 255 
0 7 53 126 203 253 255 255 255 255 255 255 255 255 255 255 255 255 255 255 255 255 255 255 255 255 255 255 
0 7 51 121 196 245 252 253 255 255 255 255 255 255 255 255 255 255 255 255 255 255 255 255 255 255 255 255 
0 3 25 59 96 132 168 209 242 255 255 255 255 255 255 255 255 255 255 255 255 255 255 255 255 255 255 255 
0 0 0 1 1 26 91 169 231 249 239 228 220 220 220 220 227 237 248 254 255 255 255 255 255 255 255 255 
0 0 0 0 0 22 93 176 231 223 167 104 64 59 59 64 100 157 214 250 255 255 255 255 255 255 255 255 
0 0 0 0 0 16 62 114 147 150 127 96 77 75 75 79 113 165 218 251 255 255 255 255 255 255 255 255 
8 8 6 4 2 3 11 20 32 73 132 191 228 233 233 233 238 244 250 254 255 255 255 255 255 255 255 255 
142 138 111 69 29 16 42 84 124 161 198 236 255 255 255 255 255 255 255 255 255 255 255 255 255 255 255 255 
255 249 201 124 51 31 80 161 231 255 255 255 255 255 255 255 255 255 255 255 255 255 255 255 255 255 255 255 
255 251 202 125 52 31 81 162 233 255 255 255 255 255 255 255 255 255 255 255 255 255 255 255 255 255 255 255 
255 248 200 123 51 31 82 164 236 255 255 255 255 255 255 253 233 201 174 167 186 218 245 255 255 255 255 255 
255 248 200 124 51 30 76 153 219 243 243 243 244 247 251 248 205 134 72 56 99 171 233 255 255 255 255 255 
255 248 202 128 54 16 31 62 90 99 99 99 114 153 201 237 232 198 169 161 182 215 245 255 255 255 255 255 
255 248 203 132 56 6 0 0 0 0 0 0 21 86 165 230 255 255 255 255 255 255 255 255 255 255 255 255 
