Layer Name: dense
Weight Shape: (1176,)
-5155
-8267
-5058
37604
-6611
-522
-4999
-2413
-6359
-6003
-3073
-3382
-2951
-3907
-4015
-1773
-1668
-2489
-6629
-6004
-2560
-6004
-6003
-7105
3599
193639
-8500
0
-2144
-7717
-3872
-5999
-6004
473481
-2804
6658
0
-6071
-1927
-4756
-5532
-4593
-5944
81776
-3260
-3222
-4016
-3653
-8085
-5554
-5577
-5339
-6659
-3069
0
-4210
-4517
0
-3986
-4185
-6001
-471
-8375
-2196
-3871
-7437
-987
-4544
-5595
-1620
-6003
-6036
-3692
-6004
-2660
-2174
-5334
-2494
-5984
-5352
-6002
-5944
-5996
-3753
-6967
39148
-2885
-1564
-5226
-3127
-4028
-3276
-4313
-5551
-3482
-6003
-2819
0
-1835
-6291
-5087
-4990
66910
-2852
-10078
-7994
-5097
-542
-3562
-6004
-3438
-5778
-6001
0
-8222
-3846
-4976
-7318
-2136
0
-6004
-6480
-4371
-6669
-2405
-8311
-4626
-1127
-1874
-5942
58904
-5615
-8448
0
-7940
0
-3509
-3099
0
0
-4314
-5159
-6001
-7689
-3592
320963
-5392
-6000
-4170
-3673
-4893
-4510
-6971
-6139
-3479
-2938
-4691
-3736
-5214
78648
23193
-6106
-7666
-4330
-4903
-6438
-5340
-1813
-4061
-3808
-5970
-6003
12451
-3777
-8040
-3072
-2666
-3158
-3384
-5456
-7902
-4720
-4284
-2828
-6004
-3000
-5082
-4252
-8472
-6111
-3739
-1572
-4456
-6004
-3519
-5157
-5992
141322
12844
-8458
0
-8979
-4275
0
-7480
-5143
-6003
-6004
-5328
-2403
-3597
-3797
-3112
-6005
-5343
-6001
0
-4640
-2568
-1899
-1557
-5994
14585
0
-5801
0
-2146
-9595
-7506
-297
-7866
-6365
-1370
-6796
-6360
-3596
-4688
0
-7220
-2208
-7934
68685
-5120
-5552
-4704
-2824
-5063
-4506
-2443
-4980
-5999
-6338
-6004
-1865
-5340
-5769
-6000
-6703
-5300
-6218
-691
-5996
-5157
-6585
-4271
-6680
-6003
0
-3209
-7186
0
-5035
-1335
-7653
-6004
-3311
-6004
-5340
-3208
-6003
-5999
-4930
-5756
-6155
0
-8000
-2712
0
-5349
-6004
-2162
49982
-5344
-2613
-8633
-4881
-10302
-2414
-5989
-6002
-5579
-6940
0
-6005
0
-7592
-2068
-6003
-5557
-14659
-6004
-4993
-4526
-6563
-1452
-8234
0
-4372
-5020
-6002
-5226
-5159
40081
-5011
-2989
0
-4485
-5067
-8326
-6679
-5014
-5421
-3083
-10897
0
-3394
-8201
-5158
-6034
-7159
-6003
-6004
-742
-6564
53977
25644
-5075
-6844
-5343
-8445
-6004
-6230
-5471
-5102
-740
-5124
-6004
24951
-8449
-3403
-5492
-198
-2210
28307
-1238
-5566
-4581
-3979
-3781
-4039
-1585
-3000
-6004
-4578
-10457
-5555
-6004
-5698
-4510
-6002
-7989
-5158
-5123
-7993
-7907
-5258
-3251
-4497
-3578
-2748
-5345
-206
84557
0
-3750
-5887
-7328
-5936
-847
-6448
-6753
-5158
77622
-7170
-1852
-8413
-6002
-5658
-5344
-5625
-5267
-3009
-5782
114409
-4829
11344
-4285
-6265
-5345
-6003
-4408
-5315
-2218
-2699
-2737
-7706
-5500
-7376
0
-2470
29834
-5342
-6004
-2817
528027
-5899
-5543
-3815
-6488
-6772
31455
0
-3080
-908
-5128
-4979
-4104
24427
17138
0
25490
-4145
-8365
-5968
-7207
-5225
-5602
-6001
-753
-4860
0
-6612
-3866
-6003
-6153
-6004
-5141
-5337
-6004
-1816
0
0
-3963
-6004
-4229
-6839
0
146616
-6053
-7631
-2375
-6354
0
-2777
-3982
0
147707
-1855
1903
-6003
-5660
-3686
29514
-8263
-5264
-6004
-5158
-5152
-5341
-2742
-1359
-9633
-2491
-2263
463439
26018
-4631
-9065
49129
0
323472
0
99702
-3340
-5041
-5557
-6002
-5145
-5427
-4310
-2711
-792
-4950
-2907
0
-4682
-3881
-507
0
-7247
-9165
-5157
52913
-7150
-6004
-3310
-5963
-8234
-5743
-14653
62790
-6004
-9537
0
-6003
310747
0
-5994
-5133
0
-5983
-6004
-6232
-3296
-6566
39937
-3592
-3134
-5340
0
-4601
0
-2907
-6003
-4157
-6004
-7448
-6001
-4161
-4561
-6003
-8139
0
-4421
69149
-3156
28736
-6454
-8385
-6809
-14768
-2077
-6001
-5344
-2140
54849
-3093
-6005
-3429
-4104
63114
-2483
-1940
-3644
-6004
-4730
-3936
-4605
-5991
-5556
-9610
-8234
-4168
-6004
-5365
-6004
0
-5312
0
-4738
-5414
-14322
-7969
-1961
-8107
-8173
-6004
-6001
-6142
-3953
0
-6186
-4540
55474
-8326
0
-3251
-6004
-2556
-3531
-2990
-2612
-1011
-8045
-3145
-4659
-4744
441068
-4199
-5146
-4630
-2447
-4095
0
-7870
-1447
-2221
-6004
-6004
-6837
-6003
-6004
64194
-5343
-1836
-3190
-6004
-4829
-7672
-5289
-3475
-3647
0
-3800
-5465
-6002
0
-1566
-2938
-4443
-6002
-2187
-6003
-2375
-2547
-3486
39745
-5121
-6024
66859
-6005
-4228
-5557
-8478
0
-3267
-6205
465620
-5996
-4721
-6004
-8875
-5998
-3898
0
-6005
-6002
-4605
-5015
-6003
-6005
0
-2758
-1474
83105
-5345
-2605
-4938
-1506
-8299
-5246
81557
-5220
-6202
-4259
-7645
-4649
-1702
0
0
-2602
-6664
-3662
-6004
-3333
-2694
-5344
-4063
-1733
-12430
-3769
-7258
-5853
-5345
-5808
-887
-8765
7314
-9436
-3597
30080
-6005
-1848
0
-2506
-4781
-575
-5166
-5866
-5417
-6354
-6005
-4136
-7392
-6334
82058
-5996
-6667
-3184
0
-5159
0
-6002
0
-2298
-5648
26069
-7422
-6003
-3604
-6002
-4997
-6001
-6925
-8445
-5345
0
-8215
0
-7495
-7446
10376
-3562
0
-3509
-4050
-6005
-3068
0
-4792
-5134
-415
-2918
-2983
-6004
0
0
-1470
-6259
-3018
-3733
-6386
-5856
411742
-3872
-7490
-4516
-4581
-4717
-3261
0
-15913
-4640
-7449
-6823
-6004
0
-6014
-1840
-1778
-11024
-6001
0
80103
0
-6998
-6003
-7465
-5783
-4099
-6001
0
-2039
53998
-9541
-3316
-5590
-5996
-3768
-4256
-4137
-6004
-4534
-3739
0
-6001
0
-6000
-5141
-5250
-6003
-5265
-5345
238621
-5344
39833
0
-6203
-5094
-2452
-10564
-4116
0
-6005
0
11266
-4420
-2598
-4367
-5159
-1898
-5283
-7886
-5581
20544
0
0
-6999
0
-2051
-6710
-4759
-6004
-9602
-6004
-4868
-3184
-2708
-6559
43988
-6002
-6004
-3518
-3710
-6895
16015
-5994
-5994
-11911
-5345
-7658
-4125
-8622
-4335
30721
-6258
-6003
-6004
-5392
-5918
-5103
-6213
-3486
-5999
-9938
0
0
-4880
-6511
-6003
-6479
5086
-6892
-8371
-5922
19348
-4657
0
-5989
-5988
-1301
-5981
16967
-2435
-5898
41489
0
-3324
-1792
-2568
0
-3364
68813
-6004
-2608
-9688
0
-8448
-6004
-2973
-10024
386976
55433
-1979
-5521
-8495
-7524
0
-4185
-4027
0
141996
-7027
-2250
-3243
-3446
0
-6001
-3567
-3417
-2776
-6004
0
-6002
-2506
-886
-6208
-1969
-7107
-5986
-3610
-6714
-4308
-2836
-5577
-6004
-7565
-2570
-4854
-2877
42914
-4730
-300
-5362
-4641
-2044
-7596
-4856
27320
-6002
-3901
-6184
0
0
41455
17394
-5126
110763
-4664
-4662
-4922
-6000
-3396
-5910
-3475
99624
-6029
-4994
-2254
-6004
38953
-4639
-4487
-6002
-6003
45111
0
-6474
-5353
20986
-6004
-1615
-2839
71262
37163
-6004
-537
-3186
0
-6989
-4944
0
-6004
-4649
-6002
-2437
-5986
-6000
-4677
-6003
-5336
-6002
-5122
-4823
-4418
-4381
461071
-7564
-6001
-4415
-3903
-6004
-5659
-1711
-6414
-7332
-3222
-4297
-3314
0
-5992
-9970
-2957
-3465
-3188
0
-3968
-8516
-6003
-6003
-3427
-6346
0
-5220
-4992
-4738
-5970
-6003
-5334
-3321
-3430
-9454
0
-4524
-6003
0
-4208
-6002
-5076
-1579
-3336
0
-3945
0
-836
-6670
-10398
127620
-6003
-5657
-6004
-5035
-1707
0
-2594
-6005
-6818
-7860
-4380
-3910
-7572
-7308
-3561
-5226
-2052
0
0
-3532
-3643
-2866
-2976
-6000
2303
-6003
-4150
56082
-6316
-4812
0
84083
-4123
-4822
-7042
-4677
-4013
-6002
-5345
-4627
-4706
510
-5344
61544
-6002
-7424
-9459
-3755
68499
0
0
-5310
15566
-1727
-6003
-3984
-3946
-2261
-5632
-7362
0
-1560
-1905
76660
-6002
-7532
-5466
-3301
